0.6931471805597412
0.4743336340607598
0.4146629086870578
0.3822041030265569
0.35688663161892176
0.34333634254955353
0.33550302778255336
0.3257784959378923
0.32278224265753624
0.32141203291397474
0.3206173900622072
0.3201133925723974
0.31975762783441375
0.3194335954774119
0.3192196577199373
0.31906041684852426
0.3189466395403538
0.31886079032562403
0.31880199104831447
0.3187630481664441
0.31873603970008085
0.31871889651484814
0.32093394668259506
0.3187273155078517
0.3187359684380755
0.31871895622607754
0.3187178733132769
0.3187198462620868
0.31871624009011035
0.3187190829851812
0.31871633954339185
0.3236836758624411
0.31876966068857165
0.31872888410157324
0.31871693033194726
0.3187160519884764
