1.1777233489734293
1.1631341881251538
0.6506794258313536
0.4949668356155244
0.423803437980117
0.3704800722428437
0.32951239878733635
0.29727153885547786
0.2593361185555748
0.2310894678672124
0.2091991835001483
0.18356576957428292
0.16437892658418696
0.14930768882628187
0.13133038245469686
0.11753115693006119
0.10134253884026763
0.0891598603987326
0.08267876316900095
0.07885690253788784
0.07535866664066096
0.07214632908029246
0.06782000756091018
0.06655977905998817
0.05845160607483413
0.05750098855542732
0.0513793576889956
0.050639733536590896
0.04588796950621456
0.04528982652555835
0.04151248113513116
0.041017862240857725
0.037964234768604846
0.03754064041092377
0.035822286944795
0.03532298805461662
0.0036345470118217932
0.001485530274505518
0.001359995303885809
0.001341206374124556
0.001339109681178235