0.6838919520378113
0.1563562906613662
0.10405273710643714
0.10836554909873848
0.03336284139365172
0.022220696998033602
0.04410942790883959
0.009080872785746737
0.005379521869498502
0.002582682581941047
0.0018768629867352686
0.0015764282020145665
0.0016238990655264014
0.0009824090068082918
0.0010670526018831863
0.001272193997972422
0.0007792126785097443
0.0003036260794256896
0.00030107678243768675
0.0002582298723310313
0.0001071804673484773
1.679752246617682e-05
0.025735560062480806
0.0013463533520518306
0.0005353462080607474
0.0001616987730707951
0.00011127323133068256
0.00020251291967754618
1.4663604256932926e-06
0.00042515431986030243
1.8996138704425555e-05
0.07508656591092247
0.004473587440531597
0.000612589192863529
1.2226473193905532e-05
7.431153257926011e-08
