0.37385735697563527
0.3692137755429975
0.2654397529289081
0.14114790822256357
0.1269707628337881
0.12239872285311204
0.11818074546644897
0.11506654807675654
0.1134133769862507
0.11185856916659631
0.109864179673616
0.10801083500027137
0.10629850694868498
0.10470022186790456
0.10348345510066537
0.10205186693283835
0.10092638049841046
0.09961619111857284
0.09835946594309608
0.0973532876446625
0.09637956198658254
0.09543534282834304
0.09451908499889117
0.09346178117323378
0.09260163582553682
0.09161007384746511
0.09064959378368687
0.08986753684190735
0.08896376425030289
0.08808662468209083
0.08723581056395541
0.08641007448213167
0.08560817679290111
0.08482896255814276
0.0840713271903395
0.08333439870278003
0.08273627011869605
0.08203548197429378
0.08146707926672214
0.08091197164322661
0.08036916785762455
0.0797286084114946
0.0792108998199984
0.07859863220557528
0.07810473778653937
0.07762165946335331
0.07714836821725518
0.07658437945951801
0.07603279690232656
0.07549353271786613
0.07506183973060326
0.07463878415654196
0.07413049973464358
0.073632649540043
0.07323583102258407
0.07284657936098282
0.07237597692371056
0.07200165511062995
0.07163432910031747
0.0711881661617082
0.07075048586105076
0.07032133045880545
0.06998219243299486
0.06956815752723133
0.06924134977735974
0.06884122504549411
0.06852603438163707
0.06821614530039577
0.06791110028124547
0.06761078996025727
0.06731499052616419
0.06702368948170245
0.0667367600118397
0.06645411608947971
0.06610375374986072
0.06583005514305018
0.06556054544218592
0.06522533087198923
0.0649641467668805
0.0646387216001022
0.0643857152008786
0.06413633912496136
0.06382436084371612
0.06351698874933676
0.06327907592850895
0.06298052489057793
0.06268631540751612
0.06245917879399099
0.062173125950553576
0.0618911750181122
0.06167410423838032
0.06145990915778948
0.06118869932741877
0.06098023003019526
0.06077442970930702
0.060571135928563835
0.060312696621541095
0.0600576943951216
0.05986258049129589
0.059614009223986075
0.05942400177493057
0.05918149482492091
0.05894205335134345
0.05875954028222263
0.05857921420524814
0.05834796403858289
0.058119609535051964
0.057894179720141936
0.057671681896616145
0.0575028171012254
0.057335911849650256
0.05717070228264437
0.057007220873207365
0.05679608019940463
0.05663622869075652
0.056429671908269974
0.0562254629263334
0.05607131095463652
0.055871587120972344
0.0557208109759702
0.055525246833054376
0.05533185563317494
0.05518628008781701
0.0550421960907681
0.05489946355225833
0.05471342191821166
0.05457358069479584
0.05439122147776854
0.0542543191499143
0.05407556094609273
0.053941476142683964
0.05380869316321146
0.05367709664140419
0.05354660835842012
0.05341732821086942
0.05324770102381299
0.05312084154046509
0.052954400116110634
0.052830023372553214
0.05270677556292486
0.05254469364200359
0.05238419160622759
0.05222533744600877
0.05206812492908047
0.051912495944616666
0.05175844807598329
0.05164387211413429
0.05149260960946955
0.05134274357851859
0.051194379082804
0.05104744280834744
0.050938372826189515
0.0507940376399294
0.050686906045623314
0.050580632461369346
0.05047521689358975
0.050335299173756454
0.05023157234150172
0.050093940628402
0.04995750424200612
0.04982232374846207
0.049688389500330554
0.04955565952077662
0.04942415684741103
0.04932699042363392
0.04923058664680846
0.0491020674473327
0.04897461518092683
0.04884831164401099
0.048755111821979225
0.04863079707219853
0.04853906527548618
0.048416619268757954
0.04829517658515137
0.0482056674436635
0.04811682384277477
0.04802855968539238
0.04794089552764713
0.047853753321380255
0.047767230254508075
0.04768119767588469
0.047595738505370855
0.04751085847431186
0.04742645424050412
0.04734261104848703
0.04725929162903886
0.047176477374044345
0.047065415265950594
0.04695515150121404
0.04687416290000318
0.046765495211810226
0.04668568430743503
0.04657851029752319
0.04649982816360848
0.04639407497610104
0.046289122826113915
0.04621213439451166
0.04610864928431574
0.04603269443621566
0.045930603858167995
0.045829184593897454
0.04572855336029352
0.04565478173618337
0.045555525720843204
0.04548274847051853
0.045384723193268195
0.04531290289535883
0.04524155750327391
0.045170554500029436
0.045074836174202215
0.04497977122993202
0.04491016457415131
0.04484098927046298
0.04474766778073003
0.044679305380277756
0.044587129607583764
0.04451963146390092
0.04445254414027028
0.04436194026661128
0.04429563793876479
0.0442061330388675
0.0441172090093373
0.04405216585133814
0.04396436446828278
0.0439001106371536
0.04383621095876994
0.04374988262596419
0.043686700383291754
0.04362393088578931
0.043561389633887726
0.043476894587093695
0.0433929189254752
0.04330948305593113
0.04324848594666986
0.04316604660446449
0.04310574457242544
0.043045790020230346
0.04296468760866207
0.04290536808171147
0.04282515324785874
0.04276652419744831
0.04270815739791578
0.04265009977711176
0.04259229022094141
0.042514075078185
0.04243630441526264
0.04235900107395357
0.042302534857953655
0.04222612228935407
0.04217024914058792
0.04211468473437202
0.04203941846835024
0.04198439633211748
0.04190993451944136
0.041855515763689954
0.041801335453631905
0.04172796904172793
0.041655049854188
0.041601723638278354
0.04154869209657436
0.04149588461121634
0.041424353602651565
0.041353199718128175
0.041282487228935016
0.04123079248779993
0.04116083027904632
0.04109121962310186
0.04102202013561829
0.04095320945318015
0.04088481584998632
0.040816801140132086
0.04074917440934617
0.0406819260038187
0.040632767954717874
0.04058381169223235
0.04051753564041599
0.040451588937309324
0.04040335977624582
0.04035535494535414
0.04030754617007093
0.04025993169331371
0.040195451462735066
0.040131286658504906
0.04008433666956024
0.04002081876709773
0.03997429983559708
0.03992800704318411
0.03988187829382328
0.039835964050245476
0.039773737347965465
0.039728220470709674
0.03966659144041684
0.03960525645088375
0.039544269596843484
0.03949961405312341
0.03945512221899733
0.03941080924486262
0.0393666709828841
0.03932271194409692
0.039263208353222945
0.03921960319457013
0.03917618516541871
0.039132903480999626
0.03908979976049676
0.039046878197265655
0.03898878506970044
0.03894619907293556
0.03890378872325889
0.03886153303954554
0.03880437279150328
0.03876244760804287
0.038720720488202576
0.0386642549460226
0.03862283908752795
0.038581616560360354
0.038525852409358574
0.03848491593128606
0.03842965907252599
0.038374638816675466
0.038334225693429314
0.03827968547889021
0.03823961996745201
0.03819972142514905
0.03814582253892873
0.038106220045733
0.03805278421181851
0.038013498750750274
0.03796051229554648
0.037907727756447185
0.03786893192185398
0.037830306023074356
0.03777816704901027
0.03772627719049404
0.03768809902478332
0.03765008043711571
0.0376121905452283
0.03756105304975954
0.03752345077671598
0.0374859377613283
0.037435396872139426
0.03739819617484719
0.037348056630854776
0.037298133874790196
0.03724843565441305
0.037211834048072934
0.03716253503156347
0.03712621194158905
0.03707731105623546
0.03702861508837574
0.036992695139547005
0.03695693969883257
0.03692128043343018
0.03687326456110829
0.036837860045694115
0.0367902302900735
0.03675508661235827
0.03670779820976078
0.036660719432452304
0.036613850237411705
0.03656717805638143
0.03653271829348537
0.03648641062884356
0.0364402970349223
0.03640621399326904
0.036372275588868186
0.03633842549073485
0.0363046712100365
0.03627104199305181
0.03623748289171397
0.03620405968101731
0.03615913419701022
0.03611440565611784
0.03608130818820332
0.03604834839171417
0.03601547276487327
0.035971352486486974
0.03593869172026204
0.035906136542340594
0.0358624802025706
0.03581896724168382
0.03577564136149092
0.03574354507890598
0.03570052072848445
0.03566864939971509
0.035625945193808795
0.035594278585159345
0.035562705144912776
0.035520439583514085
0.035489092174755876
0.0354470991156266
0.035405265148738485
0.03536359950021167
0.03533269687384438
0.03530184935017383
0.0352711260979609
0.0352404730317456
0.03520993629025415
0.035169021882576534
0.035138679665127015
0.03510839343769323
0.03507818323539125
0.0350378223968032
0.03499758285707272
0.03496769862859883
0.034937875884003156
0.03489803905195238
0.034868416107040445
0.03483886572552258
0.034799417468775184
0.03477004265338235
0.034730865922153575
0.03469180708141428
0.034662734662056716
0.03462395166679921
0.034585285402988164
0.03454679771976715
0.03451809413218787
0.03447983363178253
0.03444171618361985
0.03441330978773516
0.03437544364992867
0.034347231296554315
0.034309603723468085
0.03427209775192591
0.03424412178369507
0.03421624932775008
0.03417912141761731
0.03414210191782696
0.034105202667394086
0.0340684645059639
0.034041023661973646
0.034013639717615285
0.033977231019539644
0.03394094603384168
0.033913809771603964
0.033877761027612696
0.03385080733680712
0.033823873918382985
0.03378816718146449
0.03375254289260199
0.033725891965827925
0.033699305449403805
0.03366400614607579
0.033628813996227525
0.03359375294400663
0.033567510598382255
0.03353264843039372
0.033497911774108824
0.03346331056730212
0.03343737164902427
0.03341148342981781
0.033377193890430534
0.03335144763167991
0.03331735906431149
0.03328336138845883
0.03325783561600787
0.0332240551911831
0.033198686599752114
0.033165103901523274
0.033131629014663655
0.03309826082293482
0.03307318792038755
0.033040007553514605
0.033006960077414826
0.032982084574843695
0.032957299046057875
0.03292450603790392
0.032891817648721955
0.03286723058384233
0.03284268431714443
0.03281821690892761
0.032785905970913354
0.03276155370546879
0.03272941317182104
0.03269738128678645
0.03267323052292176
0.032641356012304557
0.03261733710234638
0.032585672891780104
0.03256178672089921
0.032537940453731484
0.03250653687331062
0.03247520227692591
0.032451555776905616
0.032427973806405774
0.03240444104514645
0.03238097911079052
0.0323575454927586
0.032326690261976154
0.03230336588501037
0.03227268470568939
0.032242087537435626
0.0322189572670597
0.03219590374468495
0.03216554394697174
0.032142606596521905
0.032112439143110016
0.032082331369625405
0.03205233739299346
0.032022438763550765
0.03199978798205827
0.031970060227143327
0.03194751073284913
0.031917938359116105
0.031888441258380085
0.03185902785793204
0.03183673245156393
0.03181451103245264
0.031785327666326135
0.03176320477000438
0.031741109480457885
0.03171906107470057
0.03169709813595073
0.031668283455632384
0.03164636671636506
0.0316245474740216
0.031602739159818094
0.03157419278065304
0.03154571359996
0.03151734574387971
0.03149576982327351
0.03147422917641035
0.03145275994409863
0.031424649470817634
0.03140327883972738
0.031375300062541855
0.03134742190030415
0.031326201570604506
0.03129845318210733
0.03127733806904215
0.031249726607801953
0.031222224701047296
0.031194761403634252
0.031167402268210798
0.031146544067624793
0.03112573240654004
0.031104966466186212
0.031084245457571158
0.03105720567022463
0.03103657029937923
0.03101597517683874
0.030995423110146914
0.030974949026004672
0.0309544455670413
0.030927776231571558
0.030901168965157877
0.030874626904205338
0.030848176852416587
0.030827960960920442
0.030801627653906982
0.030781499051925787
0.03075532471653214
0.030729182654502307
0.03070920310518055
0.030689251644392235
0.030669348963434595
0.030649510937152458
0.030623649447618473
0.03060388578300466
0.030578160107629704
0.03055251532411296
0.030532870319034566
0.030513269257163966
0.030487794078304487
0.03046828498835341
0.030448813274802145
0.03042936947438335
0.030404125998721998
0.030378936644366417
0.030353842195887715
0.030328801114975656
0.030309583070091406
0.030284651820802366
0.030259796323793164
0.030240712348140075
0.03021596528667647
0.030191311144962707
0.030172344609761925
0.030147787066241216
0.030123282345694558
0.030104456113661304
0.030085656210832923
0.030066887676185095
0.030048169463977703
0.030029477912260183
0.03001083043384023
0.029986692203360366
0.02996260783521071
0.02994405835267472
0.029925587824367217
0.029907130328545417
0.029888690518929617
0.029864865278692587
0.029846519039429198
0.02982279561900808
0.029799142353625463
0.02977554008219435
0.029757347257243105
0.029739186249722716
0.02972106944990055
0.02970297078949541
0.029679628799407054
0.029661607490472475
0.029643589390049407
0.029625651506486217
0.02960771547256008
0.029589846925618335
0.029571982932961705
0.02955417182371345
0.029536360832118025
0.02951859246721511
0.029495701769793603
0.029478014322810386
0.029455216377435978
0.029432482595045106
0.029414889873689842
0.02939736421643535
0.029374774656353686
0.029352234224319262
0.029334783365015715
0.02931737586809574
0.029299994054653833
0.02927764463317234
0.02926032989345323
0.029238060459353066
0.029220825685799368
0.029203596483074357
0.029181471207061216
0.02915941015227408
0.02913738278090977
0.029115410886308868
0.029093527858656765
0.029076525152336996
0.02905469720275
0.02903293437581378
0.0290160489494401
0.0289991606623336
0.02897753628328792
0.028960752669449752
0.02893919374798254
0.02891770317224207
0.02890100562880471
0.028879607962101095
0.028862970711365454
0.02884637187677963
0.028825113971639338
0.028803868121495657
0.02878738009115145
0.028770892987625085
0.02875443681847578
0.028738027511707342
0.028716994297388998
0.028700649474547812
0.028679698587288305
0.028663402083330403
0.028647139733923188
0.028630885877147016
0.028610120309067233
0.02858938421958973
0.02856870154349328
0.028552575471137487
0.02853198855140532
0.028515934029348156
0.028495417133916845
0.028479415090935045
0.02846344461200706
0.02844750383101008
0.02842713659384366
0.028411259977503434
0.028390978191052407
0.02837074781842369
0.02835056875130565
0.028330419323177147
0.028310326338690572
0.028294632890860538
0.0282746113102591
0.028254637226406476
0.02823470823793134
0.02821482305190165
0.028194986201393823
0.028179453149970057
0.02816397331404419
0.02814850936741209
0.028128812480172682
0.028113404698961786
0.028093796076338162
0.02807420616209827
0.028058883444509797
0.028043599634637262
0.028024137346152833
0.028008889051889307
0.027989497493331572
0.027970156109012212
0.027950838066210515
0.02793157675374408
0.027916464871027946
0.027897284463494487
0.02788223782335375
0.02786313320420647
0.02784813388241092
0.027833150988106403
0.027818232287788958
0.027803282576229826
0.027788383551438645
0.027773517785527613
0.027754629834356115
0.027735779918558634
0.02771697047600058
0.027702210578314124
0.027683478045562204
0.02766875329777968
0.027654058226626366
0.027639365447967412
0.027624741035381317
0.027610099389108245
0.02759550795010174
0.027576986271718285
0.027562420356998796
0.027547909634420498
0.027529492127498334
0.027511112539365168
0.027492770842747816
0.027478348270080666
0.027460074656944722
0.02744183421112245
0.02742364448424711
0.027405481413382005
0.027387359412478385
0.027373087771858096
0.0273550594090754
0.027337033163125524
0.02732282961795507
0.027308667507149387
0.02729074753258076
0.027272858140042433
0.027254999073160924
0.027237194926365726
0.027219406984238192
0.027205396874225685
0.027191383188966023
0.027177395450141306
0.027163436344835645
0.027149490391454367
0.027131900564343503
0.027114339435220847
0.02709679680693927
0.027082957945175345
0.02706549199556907
0.027051705068740772
0.0270379144680854
0.027020549681722572
0.027003187349323055
0.02698587674427777
0.02696860510593685
0.026951349933048097
0.026937708878058075
0.02692054680810535
0.026906943680263806
0.02688981785066047
0.026876282603298107
0.02685920611476844
0.026845711944424644
0.02682869464567761
0.02681524679827202
0.026801795300012143
0.026788358707656723
0.026774977528702226
0.0267615687087725
0.026748230808171736
0.026734867764271086
0.026718088190299583
0.026704765326003077
0.02669147179299519
0.026678223341289442
0.026661557575468398
0.02664830403090046
0.026631691155849957
0.026615089426519634
0.02659853780372967
0.026585394967879594
0.026572276115562232
0.026555802705862552
0.026542708587525166
0.026529660363165064
0.026513263060256864
0.026500240484184978
0.026487238011354053
0.02647091914169969
0.02645794482543773
0.02644169485765885
0.026425481364990067
0.026412571201278878
0.02639639856746412
0.026383536640185723
0.02636741562467826
0.02635459168513904
0.026341790269757248
0.02632898832613273
0.02631622854012
0.026303488679841336
0.02629076321499324
0.026274802444186007
0.026258886701194417
0.026246203278853797
0.02623034505947408
0.026214511767909288
0.02619869726213747
0.026182907699325852
0.026167176504439615
0.026151426496786756
0.026135731541457985
0.026123243949550623
0.026110739186280874
0.02609512008658066
0.026082657745218674
0.026067098427864865
0.02605467271183487
0.02604227620239985
0.02602988227184322
0.02601441438422003
0.026002083881377924
0.025989765701299183
0.02597435580940438
0.025962057472290023
0.025946705193956143
0.02593136699936166
0.02591913887157704
0.025903861178038556
0.025891656037978827
0.025879465532604784
0.025864259541005297
0.02585211672836568
0.02583996852233178
0.02582484110343397
0.0258127531157078
0.025800672234286892
0.0257886121813522
0.0257735696084313
0.025761532983815727
0.025749522542850956
0.025737535069718265
0.025725554628163005
0.025713577184656444
0.025701607112166847
0.02568967414677764
0.02567776375388292
0.025662903515538293
0.025651025504691283
0.025639166392175894
0.02562730822202658
0.025612545782326912
0.025597816059554857
0.025583088027038958
0.025571303297056425
0.025559549595297715
0.02554489812337385
0.025530286976245653
0.02551855213332116
0.025503983132271923
0.025489431964613563
0.025474908412933206
0.025463264767530747
0.025451629625692085
0.025440004011756223
0.02542840890353887
0.02541399160162322
0.025399578190230088
0.025388042696537105
0.025373684109142203
0.025359358739293403
0.025345042696683195
0.025333562386650188
0.025322098881987276
0.02531064897313312
0.02529919718178192
0.025287774981131772
0.02527636536411465
0.025264972583545264
0.025250827042632706
0.025239476315223164
0.025228106827030305
0.025214013082020037
0.025199955785132455
0.02518865542196924
0.025177376185752942
0.025163375403047694
0.02515211914567067
0.02514088370844153
0.025129647766929886
0.025115714651976095
0.025101829248254437
0.025090637758352963
0.02507947413534861
0.02506562990996347
0.025054495281828626
0.02504336862313461
0.02502960052097508
0.025018518943271173
0.02500475967890664
0.02499104074422076
0.02497998994274575
0.024966328964760198
0.024955313411700264
0.024941673946753395
0.02492807252873286
0.02491710240355388
0.02490612367954692
0.02489519154223796
0.024884267466956767
0.02487074905612713
0.02485724637166592
0.024846361678674322
0.02483291030397511
0.024819463291132438
0.024808621273790354
0.024795215683280802
0.024784408103951383
0.02477104411181813
0.02475770079969325
0.024744382762417305
0.024733637351448734
0.024722904761428854
0.0247096405434456
0.024696394790473086
0.024683156156993458
0.024669966105759278
0.024656792081158896
0.02464612899068025
0.024635514565697514
0.02462237032722364
0.024611769913876147
0.02459867931565063
0.024588115681696165
0.024575051276691795
0.024564508715232358
0.02455396734379728
0.024540962543401212
0.02452799125696503
0.024515030029714446
0.024502083154211873
0.024491628752139172
0.02448117616882467
0.024470736384711367
0.02446033136685266
0.024447465126787193
0.02443463487092834
0.024421814932195585
0.024409019888624872
0.02439625300459275
0.024383490789062268
0.02437075246838527
0.02436045168378237
0.02435015461795198
0.0243374720793057
0.02432481441597517
0.02431454296564234
0.024304303015852124
0.024291674001625574
0.024279094083309916
0.024268871329414632
0.02425869062194952
0.024246140081465806
0.024233614678006166
0.024223463489472297
0.024213316573130195
0.024200838504024824
0.02419072354234586
0.024178288987361463
0.02416585841343455
0.024153465494979987
0.024143397177236403
0.024131032967521615
0.02412099488886238
0.024108675668564672
0.024096356840566158
0.024086354190147763
0.024074062239145655
0.024064094733721286
0.024051833517131527
0.02403960165719593
0.024027378358059903
0.024015176404150407
0.02400300788734666
0.023993111464808425
0.023983240247336002
0.02397111221296122
0.0239612483465092
0.023949132731623246
0.02393930565556973
0.023927246143975067
0.023917428565102372
0.023907632372128396
0.02389785303630171
0.023888082136688804
0.023878311298028976
0.023866325267659028
0.023854374103978226
0.023844652507930553
0.02383491762686618
0.023825213995351424
0.02381552716032237
