0.6931471805597412
0.6885035991271035
0.6839918388004251
0.6796077710297891
0.6753474429315468
0.671206991955885
0.6671826694108042
0.6632708584526817
0.6594680107915106
0.6557707059682751
0.6521756032552072
0.6486794777476682
0.6452792109103109
0.6419717543714166
0.6387541783667675
0.6356236225802063
0.6325773311750638
0.6296126332359343
0.6267269299242854
0.6239177197402886
0.6211825767823401
0.618519149824542
0.6159251640642661
0.6133984176690671
0.6109367910084545
0.6085382125318939
0.6062007038695529
0.6039223348394195
0.6017012329485469
0.5995356081653483
0.597423707444625
0.5953638508195309
0.5933544142947831
0.5913938153965786
0.5894805322746463
0.5876130928423523
0.5857900765310313
0.5840101031818622
0.5822718385286564
0.5805740026564553
0.5789153491304102
0.5772946753827605
0.5757108141699545
0.5741626450539926
0.5726490810632985
0.571169070103639
0.5697215901734064
0.5683056677466355
0.5669203479209686
0.5655647138212058
0.5642378740330386
0.5629389681664122
0.5616671669198499
0.5604216672575544
0.5592016874953137
0.558006479869535
0.55683531383483
0.5556874839251092
0.5545623087424821
0.5534591330345511
0.5523773154963424
0.551316239567241
0.5502753099030617
0.5492539479959669
0.5482515918924166
0.5472677028959702
0.5463017543428196
0.5453532409412751
0.5444216710442794
0.5435065652420257
0.5426074677878893
0.5417239304627639
0.5408555236860074
0.5400018266202073
0.5391624323973617
0.5383369541475308
0.5375250031933894
0.5367262195101687
0.5359402434946987
0.5351667271245744
0.5344053360962291
0.5336557455225438
0.532917643754352
0.5321907229524895
0.5314746879940466
0.5307692492550761
0.530074135522647
0.5293890714984916
0.5287137967275994
0.5280480595817936
0.527391611131128
0.526744217563976
0.5261056451723941
0.5254756689878665
0.5248540740135925
0.5242406467727536
0.5236351824273788
0.5230374821815286
0.5224473581754414
0.5218646180653359
0.5212890805050617
0.52072056896961
0.5201589137079357
0.5196039474639809
0.5190555114890976
0.5185134450946672
0.5179775942265216
0.517447819292408
0.5169239706108474
0.5164059139390724
0.5158935062951179
0.5153866264303184
0.5148851357791587
0.5143889179397579
0.5138978504475071
0.513411811724771
0.5129306951535415
0.5124543854899587
0.5119827781477488
0.5115157627719902
0.5110532412742008
0.5105951163632216
0.5101412919093776
0.5096916714522558
0.509246167449859
0.508804690467431
0.5083671532287241
0.5079334720988175
0.507503567246572
0.5070773630429021
0.5066547770873614
0.506235733342479
0.5058201646046976
0.5054079944186245
0.5049991582830962
0.5045935879503115
0.5041912175733152
0.5037919843205594
0.5033958260918971
0.5030026817875765
0.502612493855213
0.50222520461853
0.5018407577529757
0.5014590992504179
0.5010801801301173
0.5007039466558425
0.5003303462958401
0.4999593318062888
0.4995908583227573
0.49922487743086563
0.4988613434765897
0.4985002128020768
0.4981414444955898
0.49778499498327927
0.4974308253552272
0.4970788943527959
0.4967291663282002
0.49638160070107573
0.4960361605054211
0.4956928112746353
0.4953515190657099
0.4950122451668735
0.49467496479163797
0.494339638686726
0.49400623772583063
0.4936747296317751
0.4933450900459702
0.49301728087124813
0.49269127871896173
0.4923670564274307
0.4920445863799841
0.49172384015178644
0.49140479374618806
0.49108742159094915
0.4907716962575636
0.4904575990934952
0.4901451015802643
0.489834182866492
0.4895248227981889
0.4892169958600366
0.4889106795987073
0.48860585840993004
0.48830250800115466
0.48800060718388105
0.48770014155296565
0.4874010884514263
0.4871034303710847
0.4868071490005711
0.4865122250698768
0.48621864581240354
0.4859263881454778
0.4856354421936584
0.48534578581235555
0.48505740679093495
0.4847702884205769
0.48448441248952206
0.48419977052560054
0.4839163437718617
0.48363412202190426
0.4833530864529971
0.4830732222187169
0.48279452450149113
0.48251697214989714
0.48224055538991967
0.48196526170850273
0.48169108105712644
0.4814179981601723
0.48114600227654114
0.4808750857446191
0.48060523282367057
0.4803364336136581
0.48006867619971755
0.4798019536768008
0.47953625216807405
0.4792715648330813
0.4790078797124745
0.478745187372867
0.47848347768207494
0.47822274157173117
0.4779629720752896
0.47770415945770095
0.4774462925567449
0.4771893655346069
0.4769333677319529
0.476678293172751
0.47642413167009684
0.47617087537169506
0.4759185170965987
0.47566705316568075
0.47541646855366343
0.4751667594476095
0.4749179213310223
0.474669943561634
0.4744228189509704
0.4741765426418894
0.4739311067657901
0.4736865051335773
0.4734427319237029
0.47319978098064663
0.47295764330925094
0.472716315929416
0.47247578905422183
0.4722360633369475
0.47199712576982006
0.47175897264984057
0.4715216024140019
0.4712850049062156
0.47104917685633524
0.4708141126028484
0.4705798029139196
0.4703462512355275
0.47011344412884387
0.46988137979753847
0.4696500532604576
0.4694194613673894
0.4691895970759869
0.4689604567687589
0.468732032840133
0.46850432457459923
0.46827732827567947
0.4680510347549654
0.4678254434085793
0.46760054802609996
0.46737634408203765
0.46715282880804165
0.46692999813342567
0.46670784684510164
0.46648637238107316
0.46626556835315847
0.4660454332292536
0.4658259623094299
0.4656071515734388
0.46538899890688845
0.465171497786121
0.4649546484941224
0.4647384453268342
0.4645228824939737
0.464307961367009
0.4640936740651697
0.4638800189494228
0.46366699105068204
0.4634545898314515
0.4632428112552081
0.4630316501191148
0.4628211052265278
0.46261117216056824
0.46240184964641556
0.4621931337553815
0.46198501767990774
0.4617775059047647
0.46157058911640464
0.461364267126239
0.46115853779671795
0.46095339383820244
0.46074884053799076
0.46054486939636546
0.4603414743941038
0.46013866057735825
0.45993641861916534
0.45973474917021123
0.45953365054596096
0.459333115618552
0.45913314515618847
0.4589337378962077
0.4587348899368347
0.45853659711644223
0.45833885779441624
0.4581416711175263
0.4579450334119798
0.45774893866266786
0.45755339136983475
0.4573583844841767
0.45716391871215944
0.4569699889614467
0.4567765935037492
0.4565837309126726
0.45639139578331445
0.4561995927298251
0.4560083118791678
0.4558175563931605
0.4556273227733354
0.45543760503424907
0.4552484062199471
0.4550597220140414
0.45487154887647646
0.45468388745805244
0.45449673286137876
0.45431008767890846
0.4541239445714654
0.4539383048932396
0.45375316384467157
0.4535685220718219
0.4533843736986513
0.4532007243640688
0.4530175661188713
0.4528348935109319
0.4526527147194613
0.4524710199533431
0.4522898082414874
0.4521090806867109
0.4519288342756803
0.4517490659246646
0.4515697731497764
0.4513909571958209
0.4512126168288949
0.4510347449381589
0.4508573452392279
0.45068041366915595
0.4505039445530623
0.45032794032144735
0.45015240048963556
0.44997732161472964
0.4498027033096431
0.4496285399484834
0.4494548330247351
0.4492815812071576
0.4491087805039542
0.4489364307164719
0.448764532133686
0.44859307752132965
0.4484220707177696
0.4482515089944962
0.4480813877560363
0.4479117087068769
0.44774246596017575
0.4475736647201801
0.4474052968578059
0.44723736294527966
0.447069862542897
0.446902797070828
0.4467361585616676
0.446569948104915
0.44640416494170704
0.44623880589842024
0.4460738714502623
0.44590935750673677
0.4457452680077709
0.4455815946898978
0.44541833948077575
0.4452555033173691
0.44509307851665475
0.44493106829040974
0.4447694701583142
0.44460828250485057
0.4444475056098629
0.44428713309950385
0.44412716832206445
0.4439676077430249
0.4438084521237355
0.4436496951646217
0.44349134214984864
0.4433333872918926
0.44317582871987177
0.44301866737266254
0.4428619021150154
0.4427055279074055
0.44254954818635234
0.44239396032725203
0.4422387607472493
0.44208395186118965
0.44192952633609395
0.44177548688475415
0.4416218322382557
0.441468561908845
0.4413156721450716
0.4411631614752821
0.4410110345522143
0.4408592802316932
0.44070790335271853
0.44055690119531804
0.4404062750739952
0.4402560226389914
0.4401061408351016
0.4399566296221757
0.4398074857865066
0.4396587127548007
0.43951030380101846
0.4393622613795859
0.43921458481062375
0.4390672680674882
0.4389203127763798
0.43877371747590416
0.43862748376670285
0.43848160455242163
0.4383360835183302
0.4381909204985219
0.43804610998910154
0.43790165271403614
0.4377575483193259
0.43761379453470767
0.43747039315814673
0.4373273376706756
0.43718463316807243
0.43704227300074183
0.4369002566311324
0.43675858658319444
0.4366172569211176
0.4364762706793638
0.4363356247351547
0.43619531939432704
0.4360553523291246
0.43591572190133493
0.435776429383654
0.43563747206336495
0.43549884625123386
0.43536055664124845
0.4352225971181556
0.43508496852485357
0.43494766972596793
0.4348107016954748
0.4346740581559067
0.4345377418425724
0.4344017531466818
0.4342660872931224
0.43413074513439465
0.4339957253297181
0.4338610270327729
0.4337266488464664
0.4335925887406738
0.43345885086446645
0.4333254244414029
0.43319231838201927
0.43305952480402876
0.43292704891272393
0.4327948815001892
0.4326630286650307
0.432531489009782
0.43240025715853
0.4322693360557484
0.4321387208459099
0.43200841570149456
0.4318784149192288
0.4317487174710655
0.43161932703461386
0.43149023988332486
0.4313614532867575
0.4312329705403566
0.4311047858154929
0.4309769031369856
0.4308493170148042
0.43072202646936286
0.4305950344325675
0.43046833744078716
0.4303419362755348
0.4302158267771522
0.430090013635987
0.42996448801287096
0.4298392563806822
0.429714316634645
0.4295896636745041
0.42946529897092883
0.42934122208490816
0.42921743012285385
0.42909392619304965
0.42897070484199024
0.4288477680349828
0.428725117038101
0.42860274462139913
0.4284806545461559
0.42835884318702716
0.4282373121068793
0.4281160589437876
0.42799508483631077
0.42787438626145746
0.42775396309503755
0.42763381595395833
0.42751394110299507
0.42739434092761874
0.42727501308924254
0.42715595723680017
0.4270371705025244
0.4269186538544805
0.42680040653113366
0.4266824270250823
0.42656471650109945
0.4264472706834276
0.4263300903471572
0.42621317632273625
0.4260965250877525
0.4259801392206677
0.42586401631690785
0.4257481524088826
0.4256325512515248
0.4255172076047484
0.4254021261419575
0.4252873017381286
0.42517273343555784
0.4250584250228244
0.42494436958128046
0.42483056961502286
0.4247170246474242
0.4246037350156286
0.42449069498437136
0.42437790975057027
0.4242653736704889
0.42415308910910793
0.42404105431350286
0.423929267694511
0.4238177290705834
0.42370643865304425
0.4235953949256808
0.42348459874212346
0.4233740435686191
0.4232637355191624
0.42315367329059056
0.4230438511422563
0.42293427190438143
0.42282493379013736
0.4227158366489775
0.4226069793097488
0.42249836167476645
0.4223899836574772
0.422281842401975
0.4221739390769342
0.42206627177098
0.4219588395959804
0.42185164335049796
0.4217446798065736
0.4216379504828847
0.4215314544546001
0.421425190695833
0.4213191573370087
0.4212133558106342
0.42110778238985
0.4210024373993261
0.42089732523121837
0.420792436668611
0.42068777879938724
0.42058334601387903
0.4204791387699679
0.42037515888390525
0.4202714011829362
0.4201678686347799
0.42006455689642713
0.4199614699006062
0.4198586054641504
0.4197559586644573
0.4196535374300838
0.4195513359771004
0.4194493485648498
0.4193475836269641
0.419246034868694
0.41914470284174654
0.4190435895701897
0.4189426893243451
0.4188420088158882
0.41874154005431174
0.41864128524946403
0.4185412457296623
0.4184414176449184
0.4183418000075709
0.41824239636504806
0.4181432032676902
0.4180442196181023
0.41794544537559974
0.4178468811985063
0.417748523128889
0.4176503758979273
0.4175524312321436
0.4174546971367915
0.417357166827121
0.41725984401483157
0.41716272383811687
0.417065808555164
0.41696909734739995
0.4168725876773656
0.4167762809347969
0.41668017518167316
0.41658427321953745
0.4164885693629077
0.4163930669126664
0.4162977646836304
0.41620265913557297
0.4161077510488449
0.4160130413854528
0.4159185293438122
0.41582421507710693
0.41573009420926027
0.4156361682655201
0.4155424413432815
0.4154489043478098
0.41535556025340004
0.415262410598643
0.4151694540784861
0.41507668787105956
0.414984115485311
0.41489173101576826
0.4147995380971312
0.4147075361008632
0.4146157195604307
0.4145240955942481
0.41443265641397425
0.4143414071083614
0.414250343015072
0.4141594660874285
0.4140687753274566
0.41397826830803897
0.413887947301561
0.41379781070407307
0.41370785929472353
0.41361809044994186
0.4135285034598783
0.4134391010126983
0.4133498767938865
0.4132608344698373
0.413171972899342
0.4130832926313719
0.4129947892909447
0.41290646653910423
0.41281832224992626
0.4127303568148626
0.41264256776203995
0.4125549547713016
0.41246752097652833
0.4123802616766425
0.4122931776841493
0.4122062697864028
0.41211953511293464
0.4120329738541458
0.41194658585540334
0.41186036890543254
0.41177432880220993
0.4116884581861122
0.41160275990771794
0.4115172306683683
0.41143187410450105
0.41134668619784237
0.411261669266454
0.4111768199223239
0.4110921419523613
0.41100762883458275
0.4109232846340267
0.41083910890031833
0.41075509910708596
0.410671256124287
0.41058757860995826
0.41050406571952786
0.41042071787942525
0.4103375341446946
0.41025451311926875
0.41017165879470896
0.41008896494484687
0.4100064361024491
0.40992406719657204
0.40984185954777763
0.4097598131746418
0.40967792842093176
0.4095962040783704
0.40951463661475784
0.40943323107940827
0.40935198359862807
0.4092708976110714
0.40918996476661
0.40910919231581416
0.40902857560637274
0.40894811641876677
0.4088678140090373
0.40878766771538505
0.4087076770006677
0.4086278383365077
0.40854815579189563
0.40846862619661967
0.4083892516728213
0.40831002946806716
0.40823096206040943
0.40815204561526247
0.4080732802692778
0.40799467017315943
0.40791620747161295
0.40783789662688885
0.40775973569144436
0.4076817252495172
0.4076038641216628
0.40752615280072935
0.40744858756556573
0.4073711730733373
0.4072939066827242
0.4072167868112911
0.4071398110705553
0.407062986780356
0.4069863060519825
0.40690977267640005
0.4068333840008621
0.4067571393972846
0.4066810376748367
0.4066050830128001
0.4065292724030653
0.4064536038800405
0.4063780779632698
0.40630269503145083
0.4062274541661137
0.4061523553575223
0.4060773999776765
0.40600258354876584
0.4059279082670812
0.40585337417842166
0.4057789800716647
0.4057047228364822
0.40563060845968346
0.4055566295104453
0.4054827927114086
0.4054090914888562
0.40533552771244835
0.40526210430099063
0.405188813865267
0.4051156638099562
0.4050426482241148
0.4049697659915376
0.4048970208537413
0.4048244113493093
0.4047519362195155
0.4046795957892339
0.4046073888577603
0.40453531441560353
0.4044633760279564
0.4043915691338187
0.4043198929775687
0.4042483528719484
0.40417694304479707
0.404105663287527
0.40403451788632816
0.40396349953291
0.40389261409755217
0.4038218567546983
0.4037512300406477
0.4036807329939978
0.4036103636700011
0.40354012612287643
0.4034700136813379
0.40340002885040216
0.40333017425078094
0.40326044421605567
0.40319084454904713
0.4031213700175632
0.403052021530523
0.40298280156910016
0.402913704916506
0.4028447348540961
0.4027758876209121
0.40270716774662757
0.40263857053019814
0.40257009688739565
0.4025017479899389
0.4024335219400366
0.40236541788807545
0.4022974409925321
0.4022295810114775
0.4021618468876215
0.4020942316391391
0.402026738598211
0.40195937042318314
0.40189211726099094
0.4018249887326392
0.40175797816252284
0.40169108779883245
0.40162431679451627
0.401557665821806
0.4014911326232975
0.4014247183352455
0.4013584236031309
0.4012922433992457
0.4012261861007861
0.40116024333364236
0.4010944159797619
0.4010287070185843
0.400963114654629
0.400897637778229
0.40083227635161667
0.40076703189990803
0.40070190245975806
0.40063688824021715
0.40057198667961513
0.40050720164542974
0.40044253008157477
0.4003779739404143
0.4003135271231412
0.40024919703241235
0.4001849794234742
0.40012087339298497
0.400056878951853
0.39999299663396826
0.39992922733983544
0.3998655685303113
0.3998020204690613
0.39973858405024676
0.39967525788647573
0.3996120431039427
0.3995489362265483
0.3994859412609645
0.39942305257973415
0.3993602763663482
0.39929760751981525
0.39923504730242326
0.399172595782919
0.39911025015375423
0.39904801676459783
0.3989858876362145
0.3989238656733265
0.3988619515114567
0.398800142682329
0.39873844114332985
0.39867684620948934
0.3986153552971165
0.3985539731992149
0.39849269454111463
0.3984315196469749
0.39837044964692203
0.39830948508784914
0.3982486255376972
0.39818786731954303
0.3981272163643776
0.39806666737315094
0.39800622300914945
0.3979458795829375
0.39788563899993146
0.39782550141507533
0.39776546483695746
0.39770553051011326
0.39764569994646926
0.3975859686127572
0.39752633885745026
0.3974668095972414
0.39740738112245294
0.39734805409044655
0.3972888257265352
0.39722969948090386
0.3971706719603137
0.397111743199355
0.3970529136187441
0.39699418141194626
0.39693555033550515
0.3968770160332328
0.3968185790503005
0.3967602419038497
0.3967020023813487
0.3966438582503235
0.39658581463892917
0.3965278653929004
0.39647001119525327
0.39641225780330125
0.3963545984210887
0.3962970357861853
0.3962395686975518
0.39618219562746265
0.3961249179034178
0.39606773554840247
0.3960106487190224
0.3959536574842972
0.3958967594483799
0.3958399544684039
0.39578324396878434
0.3957266270233935
0.3956701052304149
0.39561367476531006
0.395557337281813
0.39550109447474036
0.3954449412324182
0.3953888810575682
0.39533291275379523
0.395277035727843
0.39522125283803183
0.39516556000353026
0.395109957571949
0.3950544473611304
0.3949990274347482
0.3949436966676097
0.3948884569293579
0.3948333072828612
0.3947782474304117
0.3947232785227734
0.394668397267711
0.3946136027829318
0.3945589003663369
0.3945042865108377
0.3944497590256181
0.3943953237646376
0.39434097412950636
0.39428671324079395
0.39423253797929525
0.3941784519497296
0.39412445190275364
0.39407054163621186
0.39401671293658325
0.3939629732767089
0.3939093208539996
0.3938557548294053
0.39380227233460674
0.39374887847071965
0.3936955673272724
0.3936423431389152
0.3935892051097818
0.3935361505704491
0.3934831820476271
0.39343029669810037
0.39337749630157703
0.3933247796419489
0.3932721464061663
0.3932195976272921
0.3931671318097168
0.39311475017801945
0.39306245181813426
0.3930102361548125
0.39295810350865484
0.3929060512257389
0.3928540826360319
0.39280219724506454
0.3927503931361642
0.3926986710413497
0.3926470281407594
0.3925954688707593
0.3925439891441877
0.3924925925157037
0.39244127333179535
0.39239003761433344
0.39233888075631645
0.3922878050037902
0.3922368085880271
0.3921858939597262
0.3921350580901056
0.39208430193926846
0.3920336219623033
0.39198302397749235
0.39193250351661035
0.39188206339455384
0.39183169917827226
0.39178141585095067
0.39173120818740587
0.3916810797495701
0.3916310298648424
0.39158105613498634
0.3915311615601036
0.3914813442975699
0.3914316019602633
0.3913819369264255
0.39133234810539336
0.39128283656853324
0.3912334017878463
0.39118404311809835
0.39113476069666137
0.3910855511147536
0.3910364195535973
0.3909873623189801
0.39093838357495386
0.3908894758746333
0.3908406451913221
0.3907918886222391
0.3907432074895758
0.39069460019441915
0.39064606657261647
0.3905976077323401
0.3905492232302666
0.3905009122751271
0.3904526725588596
0.39040450879588284
0.39035641700039614
0.3903083984030498
0.39026045290415523
0.3902125797070504
0.3901647785791363
0.39011704910165895
0.3900693935716329
