0.37385735697563527
0.3692137755429975
0.2061046396576689
0.15654290678804844
0.13389232150902902
0.11692003683560154
0.10388044327879686
0.09361850565888574
0.0815440474240407
0.07255342595959996
0.06558597121020121
0.05742711641387915
0.05132013954342557
0.046523117936267844
0.04080112426273863
0.03640897120490505
0.03125629880903419
0.02737867623709611
0.02531580894321339
0.02409934959717336
0.022985896710589426
0.02196344235520714
0.020586418242034832
0.020185300334800704
0.01760455138576661
0.017301979503218656
0.015353526694695085
0.01511811185370765
0.013605673718765865
0.01341529089497473
0.012213000297039422
0.012055568136439765
0.011083629587004817
0.010948803813627284
0.010401869392038021
0.010242947636367405
0.009200941228451387
0.009108600190470773
0.008734447489081532
0.008658248246562916
0.008158919213732463
0.008091015155176129
0.007661950479994573
0.007599850822513521
0.007229025048336057
0.007170981938368237
0.006949642236394549
0.006901849981325425
0.006600090191252239
0.006555472914715199
0.006373976328889197
0.006336007482279193
0.006086704812350019
0.006051277448157977
0.00582972084091854
0.00579580964663251
0.005660632545697153
0.005631782428399623
0.005444421308530123
0.00541691713510295
0.00524861295225576
0.0052217920365366655
0.005117962691492894
0.005095176387513722
0.0049501337381011035
0.004928030343017031
0.0048382167131238996
0.004819014369554009
0.004634724172978111
0.004612733877522035
0.004562022321692283
0.004538767380172948
0.004188856918108996
0.004172910821967357
0.004134661900342285
0.004109136304026817
0.004072555870787586
0.004055807713182091
0.003799542295607805
0.0037884170784517335
0.003746248176354827
0.0037366587750380376
0.003676438266349058
0.0036667474235607678
0.003628393153332299
0.0036198932716655086
0.0035649719525726598
0.003556441588952408
0.00350521407378096
0.0034963976786405726
0.003463552127405567
0.0034559728550518365
0.0034088476657272992
0.0034010865423049763
0.003370856933802957
0.003364065937498717
0.003320588088134624
0.003313689755822302
0.0032729254702147936
0.0032657212650654688
0.0032394216916336593
0.0032332368275396206
0.003195340998266072
0.0031889440892016174
0.003164492516083417
0.0031589053188682548
0.003123594845771016
0.0031178645114661174
0.003095074727653746
0.003089992435962363
0.003041775708654826
0.0030353401690942916
0.003021302104939505
0.003014696486510371
0.0028651828679125413
0.002859338415407864
0.0028514982410846046
0.002834798281791784
0.0028309383554531165
0.0028066511545074
0.0028026432301926363
0.0027868247375877897
0.002783258609777628
0.002749573786254733
0.002744953196298472
0.0027381509950499816
0.002723508324371293
0.002720241613252239
0.002688954370954788
0.0026847838907104737
0.002675559179966369
0.002671215389626058
0.002524913777766702
0.002519551954551502
0.0025170920836631305
0.0024929592527923594
0.0024898921954956132
0.002482755023121175
0.00247941777986016
0.002364453521187526
0.0023606569707173564
0.002357801408571114
0.002260096016673152
0.002256516727740465
0.002254011651003529
0.0021689114991603753
0.002165524629850313
0.002163989081108819
0.00214894861957049
0.002146992376701573
0.002142483710985632
0.002140364883670476
0.002031509311212376
0.002027554470488191
0.002026183038700502
0.002017748446561829
0.002016277093675356
0.0020106581381114097
0.0020093470976554895
0.002001032316279905
0.0019996395807999057
0.00199410830288943
0.001992849513395567
0.0019808476550674525
0.0019791713215630558
0.001975535547673435
0.001973804542965807
0.0018852997903586188
0.001881688958484673
0.0018805174356638643
0.0018734917325620715
0.0018722203342739219
0.0018675228443846836
0.0018664013457424522
0.0018594422145394862
0.0018582389739328353
0.0018535943412353317
0.0018525156490468153
0.0018456283058777
0.0018444834644490982
0.0018398928141100113
0.0018388534881532692
0.0018288622736413185
0.0018274867364984626
0.001824455992387508
0.0018230160821651742
0.0017486439337008886
0.0017457510904273499
0.001744766893366223
0.0017387577884609984
0.0017376941786957367
0.001733675343484009
0.0017327284831286094
0.0017267647167706346
0.0017257533761419475
0.0017217706448576786
0.0017208570096666764
0.001712199194753905
0.001710964282015448
0.001709156515714405
0.0017034255908159879
0.0017023710200981812
0.001698529681598504
0.001697602989882474
0.001691906481937011
0.001690906209676879
0.001687095580947373
0.0016862033062795545
0.0016805466958053072
0.0016795936250583732
0.0016758163971684614
0.001674953098475096
0.0016667314372148523
0.0016655725793631726
0.0016630683107778377
0.0016618734119207001
0.0015716870376359382
0.00156697992988597
0.0015660008683420767
0.001563774429122089
0.001562721618454499
0.0014818838028324843
0.0014781782327754622
0.001477340724715781
0.0014753376030376963
0.0014739664955302212
0.0014710406971465972
0.0014703413360275253
0.001465995810972509
0.0014652417472909574
0.001462332286935375
0.0014616552470901878
0.0014553377245807853
0.00145440029241245
0.0014530701037320792
0.001450193147837564
0.0014495373186092508
0.0014432630365574517
0.0014423853048485813
0.0014404733228838285
0.0014395607813490474
0.0013701136026751937
0.0013666107103756375
0.001365860053272716
0.0013641191459640711
0.0013632989200818013
0.0012995909613418566
0.0012968929167187504
0.0012962448526480097
0.0012946501744402483
0.0012935605543778483
0.0012912252668034196
0.0012906755056446562
0.0012872023242639363
0.0012866132210633818
0.0012842885239710555
0.001283754514669
0.0012786858687071634
0.0012779641353657945
0.0012769030870910525
0.0012735325254731866
0.0012729138680336871
0.0012706506077893587
0.0012701046267423743
0.0012667391875280098
0.0012661496152998608
0.0012638943839966554
0.0012633660141166403
0.001260010666388589
0.001259445040773799
0.0012571997226558107
0.0012566864471817984
0.0012517870377634077
0.001251097190631767
0.0012496007326478487
0.001248886185361009
0.001194321521089392
0.0011915655229935984
0.0011909711151245062
0.001189586951360122
0.001188935779840139
0.0011380869652655168
0.0011359787452955294
0.0011354608715442027
0.0011335844239377946
0.0011331290264190441
0.0011303374729393356
0.001129843898383387
0.0011279720429032691
0.001127530419112177
0.0011247435482045764
0.001124271019252443
0.001122404252529463
0.001121975802071351
0.001117904787780788
0.001117322847938862
0.0011164701209220862
0.0011137590229189365
0.001113260518206871
0.0011114387151826555
0.0011109988952486827
0.0011082887950600306
0.0011078131383349121
0.0011059960369163013
0.001105569328326006
0.0011028637297428867
0.0011024072304432475
0.0011005954382143912
0.0011001809332607526
0.0010962259211314551
0.001095666646926674
0.0010944577348663276
0.0010938797965893698
0.001049623273271405
0.0010474016758832416
0.0010469179875643442
0.0010457854983929593
0.001045253357583542
0.0010035222246646547
0.0010018222649686992
0.001001398441333401
0.0009998456198164751
0.0009994704148781342
0.0009971603125066286
0.000996754544993983
0.0009952042638498582
0.0009948406575070456
0.0009925320908838464
0.0009921428064942894
0.0009905954670795247
0.000990241570624939
0.0009868636937997999
0.0009863865860205157
0.0009853526530359535
0.0009848587515768892
0.0009469385379431983
0.0009450529329114166
0.0009446379799259441
0.0009436635728699572
0.0009432051286278331
0.0008904955102205236
0.0008875895762652797
0.000887117155385031
0.0008865044481049522
0.0008851903817140849
0.000884879286233653
0.0008829230987714154
0.0008825893446314237
0.0008812770200055109
0.0008809746464075174
0.0008781123065859653
0.0008776991774100407
0.000877097575560537
0.0008751870641467985
0.0008748342374248486
0.0008735489997233059
0.0008732373361814982
0.0008713244189033631
0.0008709866229325014
0.0008697026541344965
0.0008693995637252261
0.0008674861440053916
0.0008671618849029339
0.000865878907538975
0.0008655843813163977
0.0008627825330633776
0.0008623830144323663
0.0008617953684401103
0.0008599263222872633
0.000859584314575168
0.0008583261083603966
0.0008580231438514718
0.000856151361501134
0.0008558239390578648
0.0008545662843560953
0.0008542722349429988
0.0008523997444910836
0.0008520845679562128
0.0008508292341306012
0.0008505424645592341
0.0008477997591790354
0.0008474134221517216
0.0008465734855772622
0.0008461728913871092
0.0008152533647768911
0.0008137556555739001
0.0008134182026188208
0.0008126188035251225
0.0008122430286213733
0.000768792981397648
0.0007664813627264455
0.0007660969897267944
0.0007655884368247268
0.0007644952817655315
0.0007642390694364565
0.0007626102794665024
0.0007623362064512196
0.0007612437896152846
0.0007609940379326718
0.0007586060881665246
0.0007582696600276218
0.0007575384493566095
0.0007571890294304495
0.0007302285573072553
0.0007289141446399916
0.0007286191938059017
0.0007279188359308186
0.0007275894887567302
0.0006894323648979905
0.0006874321285027518
0.0006870957100860164
0.0006866472317573757
0.0006856817851926822
0.0006854565430792214
0.0006840185061393611
0.0006837764696436266
0.0006828124423773896
0.0006825919007101833
0.0006804826616640947
0.0006801858521057746
0.0006795400436969135
0.0006792321598056983
0.0006553575498373654
0.0006542244771647332
0.0006539649802373981
0.0006533435008204136
0.0006529174908792013
0.0006520075114911372
0.0006517893755689785
0.0006504338739470872
0.0006501985437938895
0.0006492881539026385
0.0006490760965794928
0.0006470919205681103
0.0006467977115068302
0.0006463782168770194
0.000645469551194211
0.0006452629977047319
0.00064327507122941
0.0006429972238426451
0.0006423888582953174
0.0006420990768600254
0.0006195872521130297
0.0006185352841048264
0.0006182911584391992
0.0006177053627278162
0.0006173029514168205
0.0006164439260985533
0.0006162395420110101
0.0006149585345699982
0.0006147374515804716
0.0006138778300537884
0.0006136779901773637
0.0006118030613019299
0.0006115277948215425
0.0006111317573473385
0.0006102733455045084
0.0006100790284586655
0.0006082003570069272
0.0006079401464793022
0.0006073651365900434
0.0006070913271347678
0.0005759950847613049
0.0005739906862191058
0.0005736843106532441
0.0005734283961370545
0.0005437067652391825
0.0005420952762700271
0.0005418274558131597
0.0005414744223231072
0.0005407157482936187
0.0005405378501039948
0.0005394055562846223
0.0005392148509037464
0.0005384549742502021
0.0005382819035741337
0.0005366218985762283
0.0005363862752443271
0.0005360376687763568
0.0005349284771452023
0.0005347254245839927
0.000533978792596923
0.0005337989553051425
0.0005326860517795295
0.0005324917033721066
0.0005317436447937474
0.0005315686150227372
0.0005304538863465935
0.0005302659478411687
0.0005295182016925026
0.0005293471975627018
0.0005277105982038344
0.0005274798941324876
0.000526978379951748
0.0005267387717159955
0.0005081631254939545
0.0005072824745049331
0.0005070794514783206
0.000506593846993586
0.0005062611371333126
0.0005055486214425864
0.0005053780292752497
0.0005043166737119797
0.0005041330750688022
0.0005034201047692255
0.0005032546030991347
0.0005016995147906766
0.0005014699446495019
0.0005011416875483898
0.0005004293589651043
0.0005002670360103045
0.0004987084181196644
0.0004984916346792434
0.0004980137715426824
0.0004977866536243769
0.00047190303414024193
0.0004702398909360306
0.0004699846767765581
0.0004697699026690594
0.00044484859919280417
0.0004435184331765818
0.0004432949482220949
0.00044299763303456974
0.0004423585452316692
0.00044220911912346006
0.000441255694154985
0.0004410951194822599
0.0004404560318591044
0.0004403093433178462
0.00043891027917530856
0.0004387128396509121
0.00043828422517289134
0.00043807919710958654
0.00041482896789080126
0.0004132904284215311
0.0004130568780997268
0.0004128627978704502
0.00039039382330102734
0.0003891624324361964
0.0003889581320437596
0.000388688816932492
0.0003881112704414713
0.0003879750480024202
0.0003871134213683236
0.0003869672838188176
0.00038638892293285654
0.00038625611172854457
0.00038499144660814055
0.0003848109977074854
0.00038454476778160274
0.00038369898665002733
0.0003835440604790241
0.00038297392494007765
0.0003828366630523883
0.0003819880233411621
0.0003818386318483191
0.0003812677495406147
0.00038113382986271205
0.0003802830626449816
0.00038013916095902545
0.0003795680544834146
0.0003794370405411085
0.00037818734255723463
0.0003780103380321975
0.0003777476300981797
0.0003769115880760121
0.0003767594074797209
0.00037619633182855994
0.00037606103527548784
0.00037522240622850367
0.00037507603124620204
0.0003745120655441192
0.000374380459604029
0.0003735388194215372
0.00037339746090075954
0.0003728330626283638
0.000372703805710195
0.0003714694046815792
0.0003712953405144992
0.00037091639948599875
0.0003707353334652663
0.00035017280012455965
0.000348834553046351
0.0003486294980354909
0.00034845816101691796
0.00032851927962868066
0.00032744914452492724
0.0003272693292532547
0.0003270307328517852
0.000326516722528869
0.00032639678859930354
0.0003256303784930359
0.00032550116404361784
0.0003249864339128772
0.00032486930162239913
0.0003237434805762329
0.00032358491423278846
0.0003233485628488797
0.00032259559787201075
0.00032245895519461554
0.00032195205388824144
0.000321830369355236
0.00032107471145986777
0.00032094339253246895
0.0003204352629758711
0.00032031634365015105
0.00031955911785752633
0.0003194321248540799
0.0003189228143414824
0.0003188073196445096
0.0003176944204079102
0.0003175377172954241
0.0003171967110657259
0.0003170343372404516
0.00029849155510902614
0.00029729026329555763
0.00029710483822581457
0.00029695051227818237
0.00027892815111435487
0.0002779664654644076
0.0002778038279452888
0.00027758731430732597
0.0002771224619959045
0.00027701380586275803
0.00027631983953563255
0.0002762033748466286
0.00027573743746189816
0.00027563107835543166
0.0002746114138897915
0.00027446795142371805
0.0002741556236427467
0.0002740062790029252
0.0002570109033104284
0.00025590431562083626
0.0002557347757348727
0.0002555925590213004
0.00023903294159732802
0.00023815493525308762
0.00023800642391513804
0.0002378077598771955
0.000237379950731198
0.00023727956167457487
0.0002366414888130275
0.0002365345316143186
0.00023610570033749667
0.0002360080127046249
0.0002350699754907759
0.00023493834898064003
0.0002346505977611213
0.00023451313878702917
0.0002188572360983243
0.00021785234049698232
0.00021769711998820274
0.00021756609387540982
0.00020228500032454244
0.00020149127507756992
0.00020135485386640894
0.00020117119183599153
0.00020077599315776462
0.00020068431784420193
0.00019982194055345737
0.00019969441543871147
0.00019951233415954617
0.00019911684110135441
0.0001990265958702886
0.0001981604462440445
0.00019804018243307908
0.0001977748667782997
0.0001976482448865502
0.00018319120246068632
0.00018227784181995554
0.00018213574256131793
0.00018201509846160757
0.00016788668719303068
0.0001671678789790243
0.00016704313895654632
0.00016687283388494567
0.00016650547201402244
0.00016642064719885052
0.0001656206276320904
0.00016550339852400286
0.00016533520568118298
0.0001647997172839477
0.00016470002912427617
0.00016445338933324116
0.000164284717351304
0.00016392156449079875
0.00016383665605784747
0.0001632952276201527
0.00016320409407311054
0.00016284068202288005
0.00016275733848264418
0.00016196179106742203
0.00016184925251327975
0.00016168250827974795
0.00016115004152583712
0.0001610536766311066
0.0001606945319364561
0.00016060895399266917
0.00016007446553800708
0.000159981351298355
0.00015962196318908273
0.00015953793882561573
0.00015900173774119342
0.00015891143274560093
0.00015855179753082593
0.00015846933742286184
0.00015768102402463624
0.00015757056501097821
0.00015732932450573944
0.00015721365821230737
0.0001440443584318496
0.00014320185218841264
0.00014307159375687162
0.000142960894677302
0.00013006012916866316
0.00012940111668058307
0.00012928714593696267
0.00012913177326823178
0.00012879774964708046
0.00012872031339405954
0.00012799057341150721
0.00012788352621068144
0.0001277296680025075
0.00012724035204175754
0.00012714912134131895
0.00012692387124491056
0.00012676933500044285
0.0001264374486709685
0.00012635946639105722
0.00012586454638874311
0.00012578166167553917
0.00012544915864504125
0.00012537294603781612
0.00012464534477502065
0.00012454313095133784
0.00012439034632999446
0.00012390276736251593
0.00012381462831573264
0.00012348703429393426
0.0001234078970019925
0.000122919212506456
0.00012283364981302558
0.00012250514803208157
0.00012242831267661458
0.00012193808211918844
0.0001218560223366083
0.00012152617155541945
0.00012145123330309371
0.00012073020609315588
0.00012062929759726337
0.00012040773952942674
0.00012030235218785101
0.00010825069376446672
0.00010747898777879739
0.0001073589654486673
0.00010725861000349113
9.543565479125382e-05
9.483168680174403e-05
9.472660368625707e-05
9.458482786889322e-05
9.427767964192979e-05
9.420652744407398e-05
9.353694811942148e-05
9.343889853868914e-05
9.329724741397039e-05
9.284916920715425e-05
9.27655878466549e-05
9.2558305801127e-05
9.241652900399133e-05
9.211214523058286e-05
9.204094675935304e-05
9.15873029201375e-05
9.15102503597498e-05
9.120513326160706e-05
9.113576230107556e-05
9.046804804524466e-05
9.037371152414986e-05
9.023337818186983e-05
8.978658699732023e-05
8.970566588667461e-05
8.940457816491998e-05
8.933242097797223e-05
8.888399964440685e-05
8.880512032782839e-05
8.850341101268588e-05
8.843301705241391e-05
8.798254584446719e-05
8.790734913521892e-05
8.760518305483966e-05
8.753623547608225e-05
8.687461662215679e-05
8.678143323204157e-05
8.664238085148712e-05
8.619969874124056e-05
8.611935844932139e-05
8.582083373376292e-05
8.574937325989129e-05
8.530447689553133e-05
8.522755129658499e-05
8.492842914070708e-05
8.485845440819872e-05
8.441229714328813e-05
8.43376141832497e-05
8.403830668918255e-05
8.396958457551618e-05
8.331340297546008e-05
8.322165575458396e-05
8.302074340749144e-05
8.29240674745102e-05
7.194747205524488e-05
7.125467966806465e-05
7.114608999131411e-05
7.105428330278496e-05
6.0278800861901516e-05
5.973058136427012e-05
5.9635137539149063e-05
5.950524932901713e-05
5.9225337579627e-05
5.9160723017037675e-05
5.854983882180864e-05
5.846022563343878e-05
5.833141326822e-05
5.7922308114577437e-05
5.7845878204454415e-05
5.765716604205773e-05
5.7527688144320965e-05
5.725015298030378e-05
5.718482701422278e-05
5.677022097383411e-05
5.670066952795372e-05
5.64223123727392e-05
5.6358674990486524e-05
5.574982883971291e-05
5.566341047014145e-05
5.5535899465275484e-05
5.512799963475201e-05
5.505386548132485e-05
5.477910908191497e-05
5.471339194706992e-05
5.4303882863593333e-05
5.4232443816970566e-05
5.39571314494558e-05
5.389293738244927e-05
5.348186789855269e-05
5.341286087579e-05
5.313674587242856e-05
5.307408231614019e-05
5.247015631854035e-05
5.238498949006187e-05
5.225802962766091e-05
5.185329453127885e-05
5.17804351933826e-05
5.1508711254422135e-05
5.144286183322855e-05
5.103683036350448e-05
5.096590521241895e-05
5.069346348662851e-05
5.062937375510668e-05
5.022232753620903e-05
5.0154393238355244e-05
4.9880315090455873e-05
4.981835979550597e-05
4.9219124601596054e-05
4.9134979223375286e-05
4.895144893246606e-05
4.88641092566966e-05
3.8833196333187825e-05
3.820254077141483e-05
3.810424331307516e-05
3.8020334114374776e-05
2.8154476007125062e-05
2.7662504534509136e-05
2.757652593787796e-05
2.7457293626353962e-05
2.7200853253139812e-05
2.7141437633104726e-05
2.658199552968421e-05
2.650054009900593e-05
2.6382482904707683e-05
2.6007805799532768e-05
2.5938610639875126e-05
2.5764877143230613e-05
2.564666909571356e-05
2.539258202194361e-05
2.5333676182626164e-05
2.495344761210827e-05
2.4889477404643756e-05
2.4634798808709224e-05
2.457657149390613e-05
2.4018089814781263e-05
2.394024496371605e-05
2.3768698960702217e-05
2.3687222977575306e-05
1.4327304159900134e-05
1.374666657560919e-05
1.3655667791767634e-05
1.3576522356451015e-05
4.365809351869476e-06
3.910725263955861e-06
3.830397192594592e-06
3.719540086988271e-06
3.480684934720202e-06
3.4255715553044297e-06
2.9018920641998847e-06
2.826469563121936e-06
2.7161904523897995e-06
2.365450445407369e-06
2.301488689682163e-06
2.0651431767437778e-06
2.007466185782736e-06
1.6557812777540093e-06
1.5937871200022435e-06
1.3565075068222576e-06
1.3005106645480602e-06
9.474101628215159e-07
8.87468603716357e-07
6.498575360058823e-07
5.948784585485534e-07
7.65851205231094e-08
1.7064835100555342e-09
-1.0788075560652644e-07
-4.553855889044556e-07
-5.197564860726089e-07
-7.538550605423744e-07
-8.109816654888746e-07
-1.1598988484129436e-06
-1.2218601879721014e-06
-1.4560696938725748e-06
-1.5122923370802788e-06
-1.8622639771370686e-06
-1.9216259801169144e-06
-2.1573321942747192e-06
-2.211708943822277e-06
-2.7260772608728168e-06
-2.8003405517229574e-06
-2.9092863008672865e-06
-3.2535480155582164e-06
-3.3169044351133437e-06
-3.549056803942019e-06
-3.605280686047596e-06
-3.9516808791328906e-06
-4.013050609208424e-06
-4.246000802121674e-06
-4.300717285132816e-06
-4.6484845803718144e-06
-4.707710286822042e-06
-4.9408972008779806e-06
-4.994517503575935e-06
-5.5052326890514536e-06
-5.578639343528646e-06
-5.685962399748501e-06
-6.028341622554834e-06
-6.09190109635005e-06
-6.321944932552448e-06
-6.377616476704873e-06
-6.721169760803836e-06
-6.781707572733886e-06
-7.012466460287747e-06
-7.067448626940642e-06
-7.412284430685645e-06
-7.470068336012936e-06
-7.70174579595162e-06
-7.755489390082193e-06
-8.261531723896542e-06
-8.334734279358269e-06
-8.440974402557089e-06
-8.78084036443072e-06
-8.843016771842294e-06
-9.071327264298379e-06
-9.126679646864755e-06
-9.467554396069833e-06
-9.527634669659335e-06
-9.756743636735177e-06
-9.81077373285455e-06
-1.0152747541125606e-05
-1.0210704419089112e-05
-1.0440698006541904e-05
-1.0493345721007685e-05
-1.0995727756368812e-05
-1.1067793286301253e-05
-1.1173327002678146e-05
-1.1509930672892743e-05
-1.1571415641897786e-05
-1.1798677607532948e-05
-1.185342721504723e-05
-1.2191340932721229e-05
-1.2251107601224387e-05
-1.2478355546741149e-05
-1.2531972395757318e-05
-1.2871560015892403e-05
-1.2928609826934334e-05
-1.315648640631828e-05
-1.3208781517060064e-05
-1.3706943412961081e-05
-1.3778412165266207e-05
-1.3883993187857602e-05
-1.4217103815494792e-05
-1.4278875935191948e-05
-1.4503438285129455e-05
-1.4558010123677523e-05
