0.6931471805597412
0.6885035991271035
0.5253944632417749
0.4758327303721544
0.453182145093135
0.4362098604197075
0.4231702668629028
0.4129083292429917
0.40083387100814666
0.3918432495437059
0.38487579479430717
0.3767169399979851
0.3706099631275315
0.3658129415203738
0.3600909478468446
0.355698794789011
0.35054612239314015
0.34666849982120207
0.34460563252731935
0.3433891731812793
0.3422757202946954
0.3412532659393131
0.3398762418261408
0.33947512391890666
0.33689437496987257
0.3365918030873246
0.33464335027880104
0.3344079354378136
0.3328954973028718
0.3327051144790807
0.3315028238811454
0.3313453917205457
0.3303734531711108
0.33023862739773324
0.329691692976144
0.32953277122047336
0.32849076481255735
0.32839842377457673
0.3280242710731875
0.3279480718306689
0.3274487427978384
0.3273808387392821
0.32695177406410053
0.3268896744066195
0.326518848632442
0.3264608055224742
0.3262394658205005
0.3261916735654314
0.3258899137753582
0.32584529649882116
0.32566379991299516
0.32562583106638515
0.325376528396456
0.32534110103226394
0.3251195444250245
0.32508563323073847
0.3249504561298031
0.3249216060125056
0.3247342448926361
0.3247067407192089
0.3245384365363617
0.3245116156206426
0.32440778627559885
0.3243849999716197
0.32423995732220706
0.324217853927123
0.32412804029722986
0.32410883795365997
0.32392454775708407
0.323902557461628
0.32385184590579824
0.3238285909642789
0.32347868050221495
0.3234627344060733
0.32342448548444824
0.3233989598881328
0.32336237945489354
0.32334563129728805
0.32308936587971376
0.3230782406625577
0.3230360717604608
0.323026482359144
0.322966261850455
0.3229565710076667
0.32291821673743826
0.32290971685577147
0.3228547955366786
0.32284626517305837
0.3227950376578869
0.32278622126274653
0.3227533757115115
0.3227457964391578
0.32269867124983326
0.32269091012641093
0.3226606805179089
0.3226538895216047
0.3226104116722406
0.32260351333992826
0.32256274905432075
0.3225555448491714
0.3225292452757396
0.3225230604116456
0.32248516458237203
0.3224787676733076
0.3224543161001894
0.3224487289029742
0.322413418429877
0.3224076880955721
0.3223848983117597
0.3223798160200683
0.3223315992927608
0.32232516375320025
0.32231112568904546
0.32230452007061633
0.3221550064520185
0.3221491619995138
0.32214132182519056
0.32212462186589774
0.3221207619395591
0.32209647473861336
0.3220924668142986
0.32207664832169375
0.3220730821938836
0.3220393973703607
0.32203477678040443
0.32202797457915594
0.32201333190847725
0.3220100651973582
0.32197877795506075
0.32197460747481643
0.3219653827640723
0.321961038973732
0.32181473736187266
0.32180937553865746
0.3218069156677691
0.3217827828368983
0.32177971577960157
0.32177257860722713
0.3217692413639661
0.3216542771052935
0.3216504805548233
0.3216476249926771
0.3215499196007791
0.3215463403118464
0.3215438352351095
0.32145873508326633
0.32145534821395627
0.3214538126652148
0.32143877220367645
0.32143681596080753
0.3214323072950916
0.32143018846777643
0.32132133289531833
0.32131737805459415
0.32131600662280646
0.3213075720306678
0.3213061006777813
0.32130048172221737
0.32129917068176145
0.32129085590038586
0.32128946316490586
0.3212839318869954
0.3212826730975015
0.3212706712391734
0.321268994905669
0.3212653591317794
0.32126362812707177
0.3211751233744646
0.32117151254259063
0.3211703410197698
0.32116331531666803
0.3211620439183799
0.32115734642849064
0.3211562249298484
0.32114926579864544
0.3211480625580388
0.3211434179253413
0.3211423392331528
0.32113545188998366
0.32113430704855506
0.32112971639821597
0.3211286770722592
0.3211186858577473
0.3211173103206044
0.32111427957649347
0.32111283966627113
0.32103846751780685
0.3210355746745333
0.3210345904774722
0.32102858137256696
0.3210275177628017
0.32102349892758997
0.32102255206723457
0.3210165883008766
0.3210155769602479
0.32101159422896364
0.32101068059377263
0.32100202277885986
0.3210007878661214
0.32099898009982036
0.32099324917492195
0.32099219460420414
0.32098835326570446
0.32098742657398843
0.32098173006604297
0.32098072979378284
0.32097691916505333
0.3209760268903855
0.32097037027991127
0.32096941720916433
0.3209656399812744
0.32096477668258105
0.3209565550213208
0.32095539616346913
0.3209528918948838
0.32095169699602666
0.3208615106217419
0.32085680351399193
0.32085582445244804
0.32085359801322805
0.32085254520256046
0.32077170738693844
0.3207680018168814
0.32076716430882174
0.32076516118714365
0.3207637900796362
0.32076086428125256
0.3207601649201335
0.32075581939507847
0.3207550653313969
0.32075215587104133
0.32075147883119615
0.32074516130868674
0.3207442238765184
0.32074289368783804
0.3207400167319435
0.3207393609027152
0.3207330866206634
0.32073220888895454
0.3207302969069898
0.320729384365455
0.32065993718678115
0.3206564342944816
0.3206556836373787
0.32065394273007003
0.32065312250418776
0.3205894145454478
0.3205867165008247
0.32058606843675397
0.3205844737585462
0.3205833841384838
0.3205810488509094
0.3205804990897506
0.3205770259083699
0.32057643680516934
0.320574112108077
0.32057357809877496
0.3205685094528131
0.32056778771947175
0.320566726671197
0.32056335610957915
0.32056273745213965
0.3205604741918953
0.32055992821084833
0.32055656277163397
0.3205559731994058
0.3205537179681026
0.3205531895982226
0.32054983425049455
0.32054926862487976
0.32054702330676177
0.32054651003128776
0.32054161062186937
0.3205409207747377
0.3205394243167538
0.32053870976946697
0.32048414510519535
0.32048138910709956
0.32048079469923046
0.3204794105354661
0.3204787593639461
0.3204279105493715
0.3204258023294015
0.32042528445565016
0.32042340800804375
0.320422952610525
0.3204201610570453
0.32041966748248935
0.3204177956270092
0.32041735400321814
0.32041456713231053
0.3204140946033584
0.3204122278366354
0.3204117993861773
0.32040772837188675
0.3204071464320448
0.32040629370502804
0.3204035826070249
0.32040308410231283
0.3204012622992886
0.32040082247935464
0.320398112379166
0.32039763672244087
0.32039581962102226
0.32039539291243196
0.32039268731384885
0.3203922308145492
0.32039041902232035
0.3203900045173667
0.3203860495052374
0.32038549023103263
0.3203842813189723
0.32038370338069533
0.32033944685737736
0.3203372252599892
0.3203367415716703
0.3203356090824989
0.3203350769416895
0.3202933458087706
0.32029164584907466
0.32029122202543936
0.32028966920392243
0.3202892939989841
0.3202869838966126
0.32028657812909994
0.3202850278479558
0.320284664241613
0.3202823556749898
0.32028196639060025
0.3202804190511855
0.3202800651547309
0.32027668727790576
0.3202762101701265
0.3202751762371419
0.32027468233568285
0.32023676212204916
0.3202348765170174
0.3202344615640319
0.3202334871569759
0.3202330287127338
0.3201803190943265
0.32017741316037124
0.320176940739491
0.3201763280322109
0.32017501396582004
0.3201747028703396
0.3201727466828774
0.3201724129287374
0.32017110060411147
0.3201707982305135
0.3201679358906919
0.320167522761516
0.3201669211596665
0.32016501064825276
0.3201646578215308
0.32016337258382926
0.32016306092028746
0.3201611480030093
0.32016081020703846
0.32015952623824045
0.3201592231478312
0.32015730972811135
0.3201569854690089
0.32015570249164493
0.32015540796542236
0.32015260611716934
0.3201522065985383
0.32015161895254607
0.3201497499063932
0.3201494078986811
0.32014814969246636
0.32014784672795743
0.3201459749456071
0.3201456475231638
0.32014438986846205
0.32014409581904896
0.32014222332859704
0.32014190815206217
0.32014065281823656
0.3201403660486652
0.320137623343285
0.3201372370062577
0.3201363970696832
0.32013599647549307
0.32010507694888285
0.32010357923967986
0.3201032417867248
0.3201024423876311
0.32010206661272733
0.3200586165655036
0.3200563049468324
0.32005592057383275
0.3200554120209307
0.3200543188658715
0.3200540626535424
0.32005243386357246
0.3200521597905572
0.32005106737372124
0.32005081762203863
0.3200484296722725
0.3200480932441336
0.32004736203346257
0.3200470126135364
0.3200200521414132
0.32001873772874595
0.32001844277791186
0.3200177424200368
0.3200174130728627
0.31997925594900395
0.3199772557126087
0.319976919294192
0.31997647081586333
0.31997550536929864
0.3199752801271852
0.3199738420902453
0.3199736000537496
0.31997263602648335
0.31997241548481614
0.31997030624577005
0.31997000943621173
0.31996936362780287
0.31996905574391166
0.3199451811339433
0.3199440480612707
0.31994378856434336
0.31994316708492637
0.31994274107498516
0.3199418310955971
0.31994161295967494
0.31994025745805305
0.31994002212789985
0.3199391117380086
0.31993889968068545
0.31993691550467407
0.3199366212956128
0.319936201800983
0.31993529313530017
0.3199350865818107
0.31993309865533537
0.3199328208079486
0.3199322124424013
0.319931922660966
0.319909410836219
0.3199083588682108
0.31990811474254516
0.3199075289468338
0.3199071265355228
0.3199062675102045
0.31990606312611697
0.31990478211867596
0.31990456103568643
0.31990370141415975
0.3199035015742833
0.3199016266454079
0.3199013513789275
0.3199009553414533
0.31990009692961047
0.3198999026125646
0.3198980239411129
0.31989776373058526
0.319897188720696
0.3198969149112407
0.31986581866886726
0.31986381427032506
0.3198635078947592
0.319863251980243
0.31983353034934514
0.319831918860376
0.3198316510399191
0.31983129800642907
0.3198305393323996
0.31983036143420995
0.3198292291403906
0.3198290384350097
0.31982827855835616
0.3198281054876801
0.3198264454826822
0.3198262098593503
0.3198258612528823
0.31982475206125116
0.31982454900868995
0.3198238023767029
0.3198236225394111
0.3198225096358855
0.31982231528747807
0.3198215672288997
0.3198213921991287
0.31982027747045255
0.3198200895319471
0.31981934178579846
0.31981917078166866
0.3198175341823098
0.31981730347823845
0.3198168019640577
0.31981656235582195
0.3197979867095999
0.3197971060586109
0.3197969030355843
0.31979641743109954
0.31979608472123927
0.31979537220554854
0.3197952016133812
0.31979414025781794
0.31979395665917476
0.3197932436888752
0.3197930781872051
0.31979152309889664
0.31979129352875546
0.31979096527165435
0.31979025294307106
0.31979009062011626
0.3197885320022256
0.3197883152187852
0.31978783735564864
0.31978761023773034
0.3197617266182462
0.319760063475042
0.3197598082608825
0.319759593486775
0.31973467218329876
0.31973334201728254
0.31973311853232805
0.31973282121714053
0.3197321821293376
0.3197320327032294
0.31973107927826094
0.3197309187035882
0.31973027961596506
0.3197301329274238
0.31972873386328127
0.31972853642375687
0.31972810780927885
0.31972790278121554
0.31970465255199676
0.3197031140125275
0.3197028804622057
0.3197026863819764
0.319680217407407
0.31967898601654215
0.3196787817161497
0.31967851240103845
0.31967793485454743
0.3196777986321084
0.3196769370054743
0.3196767908679248
0.3196762125070388
0.3196760796958345
0.3196748150307141
0.31967463458181344
0.31967436835188756
0.319673522570756
0.319673367644585
0.31967279750904604
0.31967266024715835
0.3196718116074471
0.3196716622159543
0.3196710913336466
0.31967095741396867
0.31967010664675094
0.319669962745065
0.3196693916385894
0.31966926062464707
0.3196680109266632
0.31966783392213816
0.31966757121420414
0.31966673517218197
0.3196665829915857
0.3196660199159345
0.31966588461938145
0.31966504599033446
0.31966489961535216
0.3196643356496501
0.31966420404371
0.3196633624035275
0.3196632210450067
0.3196626566467343
0.31966252738981615
0.31966129298878754
0.31966111892462046
0.31966073998359196
0.3196605589175712
0.3196399963842305
0.3196386581371523
0.31963845308214145
0.3196382817451229
0.31961834286373464
0.3196172727286309
0.3196170929133592
0.31961685431695774
0.3196163403066348
0.31961622037270526
0.319615453962599
0.3196153247481496
0.31961481001801884
0.31961469288572836
0.3196135670646822
0.31961340849833875
0.31961317214695484
0.31961241918197797
0.3196122825393006
0.3196117756379942
0.3196116539534612
0.3196108982955658
0.3196107669766384
0.31961025884708183
0.3196101399277561
0.3196093827019635
0.31960925570896004
0.31960874639844744
0.31960863090375047
0.31960751800451387
0.3196073613014014
0.3196070202951717
0.3196068579213464
0.319588315139215
0.3195871138474015
0.3195869284223318
0.31958677409638414
0.3195687517352203
0.31956779004957037
0.31956762741205125
0.3195674108984133
0.31956694604610186
0.3195668373899687
0.3195661434236416
0.3195660269589526
0.31956556102156786
0.3195654546624614
0.31956443499799575
0.3195642915355297
0.3195639792077487
0.3195638298631089
0.3195468344874164
0.3195457278997268
0.31954555835984083
0.31954541614312726
0.3195288565257033
0.31952797851935905
0.3195278300080211
0.31952763134398315
0.31952720353483716
0.31952710314578053
0.319526465072919
0.3195263581157203
0.31952592928444346
0.3195258315968106
0.31952489355959673
0.3195247619330866
0.3195244741818671
0.319524336722893
0.3195086808202043
0.31950767592460294
0.31950752070409416
0.31950738967798137
0.3194921085844305
0.31949131485918353
0.31949117843797237
0.31949099477594195
0.3194905995772637
0.31949050790195016
0.3194896455246594
0.31948951799954467
0.3194893359182655
0.3194889404252073
0.31948885017997625
0.31948798403035
0.31948786376653904
0.31948759845088426
0.3194874718289925
0.31947301478656664
0.3194721014259259
0.3194719593266673
0.31947183868256757
0.319457710271299
0.319456991463085
0.3194568667230625
0.3194566964179909
0.31945632905612
0.3194562442313048
0.31945544421173805
0.31945532698262996
0.31945515878978714
0.3194546233013899
0.31945452361323023
0.3194542769734392
0.31945410830145726
0.31945374514859676
0.3194536602401638
0.3194531188117261
0.31945302767817907
0.31945266426612884
0.3194525809225886
0.3194517853751734
0.31945167283661924
0.3194515060923857
0.3194509736256318
0.31945087726073707
0.3194505181160424
0.3194504325380986
0.31944989804964397
0.3194498049354043
0.31944944554729504
0.3194493615229316
0.31944882532184715
0.31944873501685156
0.3194483753816368
0.3194482929215288
0.3194475046081306
0.31944739414911694
0.3194471529086117
0.31944703724231827
0.3194338679425378
0.31943302543629437
0.31943289517786283
0.31943278447878326
0.3194198837132746
0.31941922470078654
0.3194191107300429
0.3194189553573742
0.31941862133375304
0.3194185438975
0.31941781415751747
0.31941770711031664
0.31941755325210847
0.3194170639361477
0.3194169727054473
0.31941674745535087
0.3194165929191064
0.3194162610327769
0.319416183050497
0.3194156881304947
0.3194156052457815
0.319415272742751
0.3194151965301438
0.319414468928881
0.3194143667150573
0.31941421393043595
0.3194137263514685
0.3194136382124217
0.3194133106183999
0.31941323148110795
0.3194127427966124
0.319412657233919
0.31941232873213804
0.3194122518967826
0.31941176166622515
0.31941167960644257
0.3194113497556614
0.31941127481740905
0.3194105537901991
0.3194104528817032
0.3194102313236354
0.3194101259362938
0.3193980742778704
0.31939730257188476
0.3193971825495546
0.31939708219410945
0.3193852592388972
0.3193846552709077
0.3193845501877922
0.31938440841197485
0.3193841012637479
0.31938403011155003
0.3193833605322254
0.31938326248264465
0.31938312083151993
0.3193826727533131
0.3193825891719526
0.3193823818899071
0.31938224011310995
0.31938193572933654
0.3193818645308653
0.3193814108870261
0.3193813338344657
0.31938102871736757
0.31938095934640703
0.3193802916321512
0.3193801972956301
0.31938005696228783
0.3193796101711033
0.31937952924999263
0.3193792281622709
0.31937915600508393
0.31937870758375037
0.3193786287044338
0.31937832699511864
0.3193782566011584
0.3193778061299504
0.3193777309332412
0.3193774287671608
0.31937735981958204
0.3193766982007281
0.319376605017338
0.31937646596495745
0.3193760232828472
0.3193759429425553
0.3193756444178397
0.31937557295736585
0.3193751280610015
0.31937505113540254
0.31937475201324667
0.31937468203851416
0.31937423588124925
0.3193741611982892
0.31937386189079514
0.3193737931686815
0.3193731369870814
0.31937304523986054
0.31937284432751345
0.31937274765158047
0.3193617710561612
0.319361078263774
0.3193609696740973
0.31936087786740874
0.31935010238496786
0.31934955416547023
0.3193494587216451
0.319349328833435
0.3193490489216856
0.319348984307123
0.31934837342292777
0.3193482838097394
0.3193481549973742
0.31934774589222054
0.3193476694623104
0.319347480750148
0.3193473512722503
0.31934707373708626
0.3193470084111202
0.3193465938050798
0.3193465242536339
0.3193462458964787
0.31934618225909644
0.31934557341294567
0.3193454869945761
0.31934535948357123
0.3193449515837407
0.3193448774495873
0.3193446026931879
0.31934453697605303
0.31934412746696955
0.31934405602792293
0.3193437807155554
0.3193437165214884
0.3193433054520045
0.31934323644498175
0.3193429603299784
0.3193428976664221
0.3193422937404245
0.319342208573596
0.3193420816137336
0.31934167687863724
0.31934160401929934
0.3193413322953604
0.3193412664459392
0.31934086041446946
0.3193407894893184
0.3193405170475926
0.31934045295786107
0.31934004591164217
0.3193399779773443
0.3193397038991964
0.31933964194390146
0.31933904270870755
0.31933895856332933
0.3193387750330384
0.31933868769336266
0.31932865678043915
0.3193280261248774
0.31932792782741903
0.31932784391822033
0.3193179780601131
0.31931748608864047
0.31931740011004384
0.3193172808777323
0.3193170244373591
0.31931696502173906
0.31931640557963564
0.31931632412420496
0.31931620606701067
0.3193158313899055
0.31931576219474583
0.3193155884612492
0.31931547025320167
0.3193152161661279
0.3193151572602886
0.31931477703171807
0.3193147130615106
0.31931445838291467
0.31931440015559986
0.31931384167392074
0.3193137638290697
0.31931359228306666
0.31931351080708353
0.31930415088826586
0.31930357025068157
0.3193034792518977
0.3193034001064624
0.31929418939345783
0.3192937343093699
0.31929365398129855
0.31929354312419295
0.3192933042690407
0.31929324915566126
0.31929272547617016
0.3192926500536691
0.31929253977455835
0.31929218903455137
0.31929212507279564
0.3192918887272827
0.31929183105029174
0.3192914793653837
0.31929141737122596
0.3192911800916128
0.3192911240947705
0.3192907709942688
0.3192907110527097
0.31929047344164196
0.3192904184625645
0.3192899001692265
0.31928982529058947
0.31928971570335035
0.31928936819851705
0.3192893038276199
0.3192890697290454
0.31928901260244047
0.31928866368525755
0.319288601723918
0.3192883675144121
0.3192883112917689
0.3192879613201288
0.31928790195812584
0.3192876662519117
0.31928761187516214
0.3192870975068451
0.31928702324355424
0.3192869142978051
0.3192865700360904
0.31928650667967085
0.319286274527302
0.3192862183034199
0.3192858719032268
0.31928581053349675
0.31928557758330384
0.3192855228668208
0.3192851750995256
0.31928511587381914
0.3192848826869051
0.3192848290666024
0.3192843183514169
0.31928424494476243
0.3192841376217062
0.3192837952424834
0.3192837316830096
0.3192835016391734
0.31928344596762925
0.31928310241434515
0.3192830418765332
0.31928281111764567
0.319282756135479
0.3192824112996753
0.31928235351576995
0.31928212183831
0.3192820680947159
0.31928156205238206
0.3192814888498266
0.3192813826097034
0.3192810427437415
0.3192809805673341
0.31928075225684166
0.3192806969044591
0.3192803560297099
0.3192802959494363
0.3192800668404692
0.3192800128103731
0.31927967083656483
0.31927961287968687
0.3192793828860994
0.31927933023838495
0.3192788278563496
0.31927875579081966
0.3192786502571033
0.31927831365343307
0.31927825216846406
0.3192780249064984
0.3192779701568909
0.31927763224317324
0.31927757247650473
0.3192773452285592
0.3192772916117102
0.31927695202409007
0.319276894974279
0.31927666709769964
0.3192766148025889
0.319276116640693
0.3192760451719407
0.3192759395909181
0.31927560648029046
0.31927554470817077
0.31927532014582083
0.3192752655739823
