0.37385735697563527
0.3692137755429975
0.3647020152163192
0.36031794744568313
0.35605761934744085
0.351917168371779
0.3478928458266982
0.3439810348685758
0.34017818720740467
0.3364808823841692
0.3328857796711012
0.32938965416356225
0.32598938732620497
0.32268193078731067
0.31946435478266155
0.31633379899610037
0.3132875075909578
0.31032280965182835
0.3074371063401794
0.3046278961561827
0.30189275319823416
0.2992293262404361
0.29663534048016016
0.29410859408496115
0.2916469674243486
0.2892483889477879
0.286910880285447
0.2846325112553135
0.282411409364441
0.2802457845812424
0.27813388386051907
0.27607402723542496
0.2740645907106771
0.2721039918124727
0.2701907086905403
0.26832326925824634
0.26650025294692536
0.26472027959775624
0.2629820149445504
0.26128417907234935
0.25962552554630425
0.2580048517986545
0.25642099058584855
0.25487282146988666
0.2533592574791925
0.2518792465195331
0.25043176658930044
0.24901584416252953
0.2476305243368626
0.2462748902370998
0.24494805044893264
0.24364914458230624
0.2423773433357439
0.24113184367344842
0.23991186391120778
0.23871665628542904
0.23754549025072402
0.2363976603410033
0.23527248515837618
0.23416930945044512
0.23308749191223643
0.232026415983135
0.23098548631895577
0.22996412441186098
0.2289617683083106
0.2279778793118642
0.22701193075871362
0.22606341735716917
0.22513184746017345
0.22421674165791972
0.2233176442037833
0.22243410687865794
0.22156570010190146
0.2207120030361014
0.21987260881325577
0.21904713056342484
0.2182351796092834
0.2174363959260628
0.21665041991059275
0.2158769035404684
0.21511551251212313
0.21436592193843784
0.21362782017024606
0.21290089936838352
0.21218486440994067
0.2114794256709701
0.21078431193854108
0.2100992479143856
0.20942397314349348
0.2087582359976876
0.20810178754702202
0.2074543939798701
0.20681582158828815
0.2061858454037605
0.20556425042948656
0.20495082318864766
0.20434535884327287
0.2037476585974226
0.20315753459133545
0.20257479448122995
0.20199925692095577
0.2014307453855041
0.2008690901238297
0.2003141238798749
0.1997656879049916
0.19922362151056128
0.1986877706424156
0.19815799570830206
0.19763414702674142
0.19711609035496647
0.19660368271101192
0.19609680284621245
0.19559531219505277
0.19509909435565198
0.19460802686340117
0.19412198814066506
0.19364087156943555
0.19316456190585274
0.19269295456364288
0.19222593918788422
0.19176341769009486
0.19130529277911568
0.19085146832527167
0.19040184786814984
0.189956343865753
0.18951486688332508
0.1890773296446181
0.1886436485147115
0.18821374366246602
0.18778753945879612
0.18736495350325544
0.186945909758373
0.18653034102059163
0.18611817083451854
0.1857093346989902
0.18530376436620555
0.18490139398920924
0.18450216073645342
0.1841060025077912
0.1837128582034705
0.18332267027110705
0.18293538103442408
0.1825509341688697
0.18216927566631191
0.1817903565460114
0.18141412307173654
0.1810405227117341
0.18066950822218286
0.18030103473865133
0.17993505384675967
0.17957151989248377
0.17921038921797083
0.17885162091148382
0.1784951713991733
0.17814100177112124
0.17778907076868994
0.17743934274409423
0.17709177711696977
0.17674633692131514
0.17640298769052937
0.17606169548160394
0.17572242158276752
0.175385141207532
0.17504981510262002
0.17471641414172467
0.17438490604766915
0.17405526646186426
0.17372745728714217
0.17340145513485578
0.17307723284332477
0.17275476279587815
0.17243401656768048
0.1721149701620821
0.1717975980068432
0.17148187267345766
0.17116777550938922
0.17085527799615835
0.17054435928238604
0.17023499921408292
0.16992717227593063
0.16962085601460136
0.16931603482582408
0.1690126844170487
0.1687107835997751
0.1684103179688597
0.16811126486732036
0.16781360678697876
0.16751732541646513
0.16722240148577083
0.16692882222829758
0.16663656456137182
0.16634561860955244
0.1660559622282496
0.165767583206829
0.16548046483647094
0.1651945889054161
0.16490994694149458
0.16462652018775575
0.1643442984377983
0.16406326286889117
0.16378339863461094
0.16350470091738517
0.16322714856579118
0.1629507318058137
0.16267543812439678
0.16240125747302048
0.16212817457606632
0.16185617869243518
0.16158526216051317
0.1613154092395646
0.16104661002955212
0.1607788526156116
0.16051213009269483
0.1602464285839681
0.15998174124897535
0.15971805612836854
0.15945536378876102
0.15919365409796898
0.1589329179876252
0.15867314849118364
0.158414335873595
0.15815646897263896
0.15789954195050093
0.15764354414784693
0.15738846958864505
0.15713430808599088
0.1568810517875891
0.15662869351249276
0.1563772295815748
0.15612664496955747
0.15587693586350354
0.15562809774691633
0.15538011997752804
0.15513299536686442
0.15488671905778345
0.15464128318168413
0.15439668154947134
0.15415290833959694
0.15390995739654068
0.15366781972514498
0.15342649234531003
0.15318596547011587
0.15294623975284155
0.1527073021857141
0.1524691490657346
0.15223177882989591
0.15199518132210965
0.15175935327222928
0.15152428901874243
0.15128997932981364
0.15105642765142152
0.1508236205447379
0.1505915562134325
0.15036022967635165
0.15012963778328342
0.14989977349188094
0.14967063318465296
0.14944220925602703
0.14921450099049327
0.1489875046915735
0.14876121117085944
0.14853561982447333
0.148310724441994
0.1480865204979317
0.1478630052239357
0.1476401745493197
0.14741802326099568
0.1471965487969672
0.1469757447690525
0.14675560964514767
0.14653613872532395
0.14631732798933283
0.1460991753227825
0.14588167420201503
0.14566482491001642
0.14544862174272827
0.14523305890986776
0.14501813778290307
0.14480385048106376
0.14459019536531686
0.14437716746657608
0.14416476624734553
0.14395298767110215
0.14374182653500883
0.14353128164242185
0.14332134857646228
0.1431120260623096
0.14290331017127555
0.14269519409580178
0.14248768232065873
0.14228076553229868
0.14207444354213306
0.141868714212612
0.14166357025409648
0.1414590169538848
0.1412550458122595
0.14105165080999782
0.1408488369932523
0.14064659503505939
0.14044492558610527
0.140243826961855
0.14004329203444604
0.1398433215720825
0.13964391431210177
0.13944506635272874
0.13924677353233628
0.13904903421031028
0.13885184753342034
0.13865520982787383
0.1384591150785619
0.1382635677857288
0.13806856090007075
0.1378740951280535
0.13768016537734074
0.13748676991964326
0.13729390732856667
0.1371015721992085
0.13690976914571912
0.13671848829506184
0.13652773280905456
0.13633749918922944
0.1361477814501431
0.13595858263584115
0.13576989842993542
0.1355817252923705
0.13539406387394648
0.1352069092772728
0.1350202640948025
0.13483412098735942
0.13464848130913365
0.1344633402605656
0.13427869848771595
0.13409455011454535
0.13391090077996282
0.13372774253476533
0.13354506992682597
0.13336289113535532
0.13318119636923714
0.13299998465738144
0.13281925710260495
0.13263901069157435
0.13245924234055861
0.13227994956567046
0.13210113361171494
0.13192279324478895
0.13174492135405297
0.13156752165512192
0.13139059008505
0.13121412096895635
0.1310381167373414
0.1308625769055296
0.13068749803062368
0.13051287972553716
0.13033871636437744
0.13016500944062914
0.12999175762305165
0.12981895691984824
0.12964660713236592
0.12947470854958004
0.1293032539372237
0.12913224713366367
0.12896168541039021
0.12879156417193033
0.12862188512277095
0.1284526423760698
0.12828384113607416
0.12811547327369993
0.1279475393611737
0.12778003895879103
0.12761297348672201
0.12744633497756164
0.12728012452080906
0.12711434135760108
0.12694898231431428
0.12678404786615632
0.1266195339226308
0.12645544442366496
0.12629177110579182
0.1261285158966698
0.12596567973326311
0.1258032549325488
0.12564124470630378
0.12547964657420824
0.1253184589207446
0.12515768202575694
0.12499730951539789
0.12483734473795849
0.12467778415891895
0.12451862853962953
0.12435987158051576
0.12420151856574269
0.12404356370778663
0.12388600513576581
0.12372884378855659
0.12357207853090946
0.12341570432329957
0.12325972460224638
0.12310413674314608
0.12294893716314337
0.12279412827708369
0.12263970275198799
0.1224856633006482
0.12233200865414973
0.12217873832473902
0.12202584856096566
0.12187333789117616
0.12172121096810834
0.12156945664758723
0.12141807976861257
0.12126707761121208
0.12111645148988925
0.12096619905488543
0.12081631725099562
0.12066680603806973
0.12051766220240062
0.12036888917069472
0.1202204802169125
0.12007243779547994
0.1199247612265178
0.11977744448338223
0.11963048919227381
0.1194838938917982
0.1193376601825969
0.11919178096831567
0.11904625993422424
0.11890109691441592
0.11875628640499558
0.11861182912993018
0.11846772473521994
0.11832397095060171
0.11818056957404077
0.11803751408656965
0.11789480958396648
0.11775244941663587
0.11761043304702645
0.11746876299908848
0.11732743333701162
0.11718644709525783
0.11704580115104873
0.11690549581022108
0.11676552874501867
0.11662589831722897
0.11648660579954806
0.11634764847925899
0.1162090226671279
0.1160707330571425
0.11593277353404963
0.11579514494074761
0.11565784614186198
0.11552087811136885
0.11538423457180075
0.11524791825846642
0.11511192956257582
0.11497626370901642
0.11484092155028869
0.11470590174561213
0.11457120344866695
0.11443682526236043
0.11430276515656784
0.11416902728036049
0.11403560085729691
0.11390249479791331
0.1137697012199228
0.11363722532861797
0.11350505791608323
0.11337320508092474
0.11324166542567604
0.11311043357442402
0.11297951247164245
0.11284889726180392
0.1127185921173886
0.11258859133512283
0.11245889388695957
0.1123295034505079
0.1122004162992189
0.11207162970265155
0.11194314695625063
0.11181496223138693
0.11168707955287965
0.11155949343069826
0.1114322028852569
0.11130521084846157
0.1111785138566812
0.11105211269142884
0.11092600319304624
0.11080019005188102
0.110674664428765
0.11054943279657625
0.11042449305053903
0.11029984009039812
0.11017547538682287
0.1100513985008022
0.10992760653874789
0.10980410260894369
0.10968088125788428
0.10955794445087685
0.10943529345399505
0.10931292103729318
0.10919083096204996
0.1090690196029212
0.10894748852277336
0.10882623535968167
0.10870526125220481
0.1085845626773515
0.10846413951093159
0.10834399236985237
0.1082241175188891
0.10810451734351278
0.10798518950513658
0.10786613365269421
0.10774734691841842
0.10762883027037456
0.1075105829470277
0.10739260344097634
0.10727489291699349
0.10715744709932162
0.10704026676305123
0.1069233527386303
0.10680670150364652
0.10669031563656173
0.10657419273280189
0.10645832882477663
0.10634272766741887
0.10622738402064247
0.10611230255785153
0.10599747815402266
0.10588290985145188
0.10576860143871847
0.1056545459971745
0.1055407460309169
0.10542720106331827
0.10531391143152263
0.1052008714002654
0.10508808616646431
0.10497555008638293
0.10486326552500197
0.1047512307293969
0.10463944411040504
0.10452790548647745
0.10441661506893829
0.10430557134157487
0.1041947751580175
0.10408421998451312
0.10397391193505645
0.1038638497064846
0.10375402755815033
0.10364444832027547
0.1035351102060314
0.10342601306487154
0.10331715572564282
0.1032085380906605
0.10310016007337125
0.10299201881786907
0.10288411549282822
0.10277644818687404
0.10266901601187445
0.102561819766392
0.10245485622246764
0.10234812689877876
0.10224163087049415
0.10213536711172705
0.10202933375290274
0.10192353222652822
0.10181795880574407
0.10171261381522012
0.10160750164711241
0.10150261308450503
0.10139795521528128
0.10129352242977308
0.10118931518586194
0.1010853352997993
0.10098157759883025
0.10087804505067394
0.10077473331232117
0.10067164631650022
0.10056878188004442
0.10046613508035135
0.10036371384597786
0.10026151239299447
0.10015952498074382
0.10005776004285816
0.09995621128458804
0.09985487925764058
0.09975376598608376
0.09965286574023913
0.09955218523178222
0.09945171647020579
0.09935146166535808
0.09925142214555632
0.09915159406081242
0.09905197642346492
0.0989525727809421
0.09885337968358426
0.09875439603399633
0.09865562179149379
0.09855705761440037
0.09845869954478303
0.09836055231382135
0.09826260764803763
0.09816487355268555
0.09806734324301503
0.09797002043072561
0.09787290025401091
0.09777598497105805
0.097679273763294
0.09758276409325967
0.09748645735069095
0.0973903515975672
0.09729444963543149
0.09719874577880172
0.09710324332856046
0.09700794109952443
0.09691283555146701
0.09681792746473894
0.09672321780134685
0.09662870575970622
0.09653439149300097
0.09644027062515431
0.09634634468141412
0.09625261775917554
0.09615908076370383
0.09606573666929408
0.09597258701453704
0.09587963049438014
0.0957868642869536
0.09569429190120504
0.0956019074316623
0.09550971451302526
0.09541771251675724
0.09532589597632474
0.09523427201014212
0.0951428328298683
0.09505158352425547
0.09496051943096606
0.09486964250332253
0.09477895174335066
0.09468844472393301
0.09459812371745502
0.09450798711996711
0.09441803571061758
0.0943282668658359
0.09423867987577234
0.09414927742859236
0.09406005320978056
0.09397101088573134
0.09388214931523603
0.09379346904726593
0.09370496570683873
0.09361664295499827
0.0935284986658203
0.09344053323075663
0.09335274417793399
0.09326513118719565
0.09317769739242238
0.09309043809253653
0.09300335410004335
0.09291644620229683
0.09282971152882868
0.09274315027003982
0.09265676227129738
0.09257054532132658
0.09248450521810397
0.09239863460200626
0.09231293632361198
0.09222740708426236
0.09214205052039509
0.09205686261373641
0.09197184568234806
0.09188699633821795
0.09180231836825536
0.09171780525047679
0.09163346104992076
0.09154928531621237
0.09146527552298
0.09138143254018105
0.0912977550258523
0.0912142421354219
0.09113089429531929
0.09104771056058863
0.09096468953516279
0.090881835210603
0.09079914136074091
0.09071661251834312
0.09063424361246608
0.09055203596367167
0.09046998959053582
0.0903881048368258
0.09030638049426443
0.09022481303065188
0.09014340749530231
0.09006216001452211
0.08998107402696542
0.08990014118250406
0.0898193687317082
0.08973875202226678
0.08965829283466081
0.08957799042493136
0.08949784413127909
0.08941785341656172
0.08933801475240172
0.08925833220778967
0.08917880261251371
0.08909942808871535
0.0890202058839612
0.08894113847630347
0.08886222203115651
0.08878345668517185
0.08870484658905348
0.08862638388750699
0.0885480730427829
0.0884699121073384
0.08839190166541122
0.08831404053755681
0.08823632921662339
0.08815876398145978
0.08808134948923135
0.08800408309861824
0.08792696322718513
0.08784998748644934
0.08777316319625006
0.08769648246787654
0.08761994909229409
0.08754356041675615
0.08746731581317863
0.08739121409073075
0.08731525942869411
0.08723944881895934
0.08716378029593452
0.08708825437916384
0.08701287144734487
0.08693763058200776
0.08686253177341635
0.08678757639357054
0.08671275996465988
0.08663808468297524
0.0865635505943157
0.08648915648755873
0.08641489925237622
0.0863407848755775
0.08626680592633934
0.08619296912730262
0.08611926790475022
0.08604570412834239
0.08597228071688467
0.08589899028116105
0.08582584022585021
0.08575282464000883
0.08567994240743165
0.08560719726963534
0.08553458776520334
0.08546211263540954
0.08538977220512795
0.08531756527365436
0.08524549083149757
0.08517355244385044
0.08510174554971273
0.08503006939346275
0.08495852928784242
0.08488711946069111
0.08481583970342105
0.0847446943022222
0.08467367594880404
0.08460279051344621
0.08453203317059232
0.08446140645654177
0.08439090940989186
0.08432054008589512
0.08425030253877047
0.08418019009723193
0.0841102052662962
0.08404035066667498
0.08397062063194971
0.08390102096494118
0.08383154643345725
0.08376219794641704
0.0836929779849942
0.08362388133240006
0.08355491126999015
0.08348606403680614
0.08341734416252161
0.08334874694609218
0.08328027330328969
0.08321192440583292
0.08314369835593066
0.08307559430396949
0.08300761740842616
0.08293975742737153
0.08287202330351556
0.08280440805503314
0.08273691501410502
0.08266954683907718
0.08260229367688499
0.08253516514853326
0.08246815457841689
0.08240126421472649
0.08233449321041031
0.08226784223770006
0.08220130903919154
0.08213489475113955
0.08206860001902494
0.08200241981513973
0.08193636251668013
0.0818704197495364
0.08180459239565596
0.08173888343447833
0.08167329107052307
0.08160781419412305
0.08154245276751071
0.08147720831580207
0.0814120788756521
0.08134706465611119
0.08128216309550917
0.08121737806132379
0.08115270649746881
0.08108815035630834
0.08102370353903526
0.0809593734483064
0.08089515583936824
0.08083104980887901
0.08076705536774703
0.0807031730498623
0.08063940375572948
0.08057574494620534
0.08051219688495537
0.0804487604661408
0.08038543430236977
0.08032221951983676
0.08025911264244234
0.08019611767685852
0.08013322899562819
0.08007045278224223
0.08000778393570929
0.0799452237183173
0.07988277219881307
0.07982042656964827
0.07975819318049188
0.07969606405210855
0.07963404208922054
0.07957212792735074
0.07951031909822304
0.07944861755922389
0.07938702262538339
0.07932553171301054
0.07926414961510891
0.07920287095700868
0.07914169606286892
0.07908062606281607
0.07901966150374318
0.07895880195359123
0.07889804373543707
0.07883739278027163
0.07877684378904498
0.07871639942504349
0.07865605599883152
0.0785958154158255
0.07853567783096937
0.0784756412528515
0.0784157069260073
0.0783558763623633
0.07829614502865123
0.0782365152733443
0.07817698601313544
0.07811755753834698
0.07805823050634059
0.07799900214242922
0.0779398758967979
0.07788084837620773
0.07782191961524904
0.07776309003463816
0.0777043578278403
0.07764572675139919
0.07758719244912682
0.07752875546619453
0.07747041831974372
0.07741217879724271
0.07735403466621754
0.07729599105482321
0.07723804180879446
0.07718018761114731
0.07712243421919529
0.07706477483698276
0.07700721220207934
0.07694974511344582
0.0768923720433567
0.07683509431931185
0.07677791196429651
0.07672082513491646
0.07666383390019121
0.07660693586427392
0.07655013088429796
0.07649342038467838
0.07643680343928755
0.07638028164630895
0.0763238511812041
0.07626751369770707
0.0762112708906344
0.07615511764831223
0.07609905747346224
0.07604308916968927
0.07598721214373705
0.07593142925392588
0.0758757364194243
0.07582013398784304
0.07576462377702442
0.07570920385064223
0.07565387308350374
0.07559863334525196
0.07554348369875524
0.07548842384630572
0.07543345493866743
0.07537857368360507
0.07532377919882582
0.07526907678223094
0.07521446292673173
0.07515993544151212
0.07510550018053164
0.0750511505454004
0.07499688965668799
0.07494271439518929
0.07488862836562366
0.07483462831864768
0.0747807180521059
0.07472688935247729
0.07467314969260297
0.07461949726989364
0.07456593124529937
0.07451244875050078
0.0744590548866137
0.07440574374316644
0.07435251955480926
0.07429938152567583
0.07424632698634315
0.07419335846352115
0.07414047311399441
0.07408767271747108
0.07403495605784294
0.07398232282206035
0.07392977404318612
0.07387730822561084
0.07382492659391349
0.0737726282340283
0.07372041257070655
0.07366827992454889
0.07361622764163295
0.07356425905192593
0.07351237366095859
0.07346056955205826
0.07340884745724374
0.07335720455665345
0.07330564528665334
0.07325416556008174
0.07320276893159772
0.07315144974768939
0.07310021403022748
0.0730490571722105
0.07299798141968422
0.07294698500392116
0.07289607037562024
0.07284523450599967
0.0727944783551625
0.07274379837819733
0.07269320039338639
0.0726426799325044
0.07259223981044788
0.0725418755941663
0.0724915922668447
0.07244138460329991
0.07239125616546416
0.07234120628073643
0.07229123255088038
0.07224133797599763
0.07219152071346396
0.07214177837615732
0.07209211334231952
0.0720425245212874
0.07199301298442728
0.07194357820374037
0.07189421953399239
0.07184493711255541
0.07179572753064767
0.07174659596949134
0.07169753873487417
0.0716485599908479
0.07159965229052734
0.07155082160721615
0.07150206503813317
0.07145338390546985
0.07140477661031319
0.07135624298851051
0.07130778414823413
0.07125939964616063
0.07121108869102116
0.07116284897475367
0.07111468521177688
0.07106659341629018
0.07101857481894386
0.07097062932004927
0.07092275612294446
0.07087495499503033
0.070827225517553
0.07077956998752694
