0.6931471805597412
0.6885035991271035
0.584729576513014
0.4604377318066695
0.44626058641789407
0.441688546437218
0.4374705690505549
0.4343563716608625
0.43270320057035666
0.43114839275070227
0.42915400325772196
0.4273006585843773
0.42558833053279094
0.4239900454520105
0.4227732786847713
0.4213416905169443
0.4202162040825164
0.4189060147026788
0.41764928952720204
0.41664311122876846
0.4156693855706885
0.414725166412449
0.4138089085829971
0.41275160475733974
0.4118914594096428
0.41089989743157107
0.4099394173677928
0.4091573604260133
0.40825358783440885
0.4073764482661968
0.40652563414806137
0.40569989806623763
0.4048980003770071
0.4041187861422487
0.40336115077444545
0.402624222286886
0.402026093702802
0.40132530555839974
0.4007569028508281
0.40020179522733257
0.3996589914417305
0.39901843199560055
0.39850072340410436
0.39788845578968124
0.3973945613706453
0.39691148304745927
0.39643819180136114
0.395874203043624
0.3953226204864325
0.3947833563019721
0.3943516633147092
0.3939286077406479
0.39342032331874954
0.39292247312414896
0.39252565460669003
0.3921364029450888
0.3916658005078165
0.3912914786947359
0.39092415268442343
0.39047798974581416
0.3900403094451567
0.3896111540429114
0.3892720160171008
0.3888579811113373
0.3885311733614657
0.3881310486296001
0.387815857965743
0.38750596888450173
0.38720092386535143
0.3869006135443632
0.38660481411027015
0.3863135130658084
0.38602658359594566
0.38574393967358567
0.3853935773339667
0.38511987872715614
0.3848503690262919
0.3845151544560952
0.38425397035098646
0.38392854518420816
0.38367553878498456
0.3834261627090673
0.3831141844278221
0.3828068123334427
0.3825688995126149
0.3822703484746839
0.3819761389916221
0.38174900237809695
0.38146294953465953
0.38118099860221816
0.3809639278224863
0.38074973274189544
0.38047852291152473
0.3802700536143012
0.380064253293413
0.3798609595126698
0.37960252020564705
0.37934751797922756
0.37915240407540185
0.37890383280809203
0.3787138253590365
0.37847131840902687
0.3782318769354494
0.3780493638663286
0.3778690377893541
0.37763778762268885
0.3774094331191579
0.3771840033042479
0.3769615054807221
0.37679264068533136
0.3766257354337562
0.37646052586675033
0.3762970444573133
0.3760859037835106
0.3759260522748625
0.37571949549237593
0.37551528651043936
0.3753611345387425
0.3751614107050783
0.37501063456007616
0.37481507041716033
0.3746216792172809
0.37447610367192297
0.37433201967487406
0.3741892871363643
0.3740032455023176
0.3738634042789018
0.3736810450618745
0.37354414273402026
0.3733653845301987
0.3732312997267899
0.3730985167473174
0.37296692022551015
0.3728364319425261
0.3727071517949754
0.37253752460791895
0.37241066512457105
0.3722442237002166
0.3721198469566592
0.3719965991470308
0.37183451722610955
0.37167401519033355
0.3715151610301147
0.37135794851318643
0.3712023195287226
0.37104827166008925
0.37093369569824025
0.3707824331935755
0.37063256716262455
0.37048420266690996
0.3703372663924534
0.3702281964102955
0.37008386122403536
0.3699767296297293
0.3698704560454753
0.3697650404776957
0.3696251227578624
0.3695213959256077
0.36938376421250796
0.3692473278261121
0.36911214733256803
0.3689782130844365
0.3688454831048826
0.368713980431517
0.3686168140077399
0.3685204102309144
0.36839189103143866
0.3682644387650328
0.36813813522811695
0.3680449354060852
0.3679206206563045
0.36782888885959214
0.3677064428528639
0.3675850001692573
0.36749549102776946
0.36740664742688073
0.36731838326949834
0.3672307191117531
0.3671435769054862
0.36705705383861403
0.36697102125999065
0.3668855620894768
0.3668006820584178
0.3667162778246101
0.366632434632593
0.3665491152131448
0.3664663009581503
0.36635523885005655
0.36624497508532
0.36616398648410914
0.3660553187959162
0.365975507891541
0.36586833388162915
0.36578965174771444
0.365683898560207
0.3655789464102199
0.3655019579786176
0.3653984728684217
0.3653225180203216
0.36522042744227395
0.3651190081780034
0.3650183769443995
0.36494460532028933
0.36484534930494916
0.3647725720546245
0.36467454677737415
0.3646027264794648
0.36453138108737987
0.3644603780841354
0.3643646597583082
0.364269594814038
0.36419998815825727
0.36413081285456894
0.364037491364836
0.3639691289643837
0.3638769531916897
0.3638094550480069
0.36374236772437624
0.36365176385071724
0.36358546152287075
0.36349595662297346
0.36340703259344326
0.3633419894354441
0.36325418805238874
0.36318993422125956
0.3631260345428759
0.36303970621007015
0.3629765239673977
0.36291375446989527
0.3628512132179937
0.36276671817119965
0.36268274250958116
0.3625993066400371
0.3625383095307758
0.36245587018857045
0.3623955681565314
0.3623356136043363
0.362254511192768
0.36219519166581743
0.3621149768319647
0.36205634778155427
0.36199798098202174
0.3619399233612177
0.36188211380504737
0.36180389866229096
0.3617261279993686
0.36164882465805953
0.3615923584420596
0.36151594587346003
0.3614600727246939
0.361404508318478
0.3613292420524562
0.36127421991622344
0.3611997581035473
0.3611453393477959
0.36109115903773786
0.3610177926258339
0.36094487343829396
0.3608915472223843
0.3608385156806803
0.3607857081953223
0.3607141771867575
0.36064302330223413
0.360572310813041
0.3605206160719059
0.3604506538631523
0.3603810432072078
0.36031184371972425
0.3602430330372861
0.3601746394340923
0.36010662472423804
0.3600389979934521
0.35997174958792466
0.35992259153882383
0.3598736352763383
0.35980735922452195
0.3597414125214153
0.3596931833603518
0.3596451785294601
0.3595973697541769
0.35954975527741967
0.359485275046841
0.35942111024261086
0.3593741602536662
0.3593106423512037
0.35926412341970304
0.35921783062729007
0.35917170187792924
0.35912578763435143
0.3590635609320714
0.35901804405481563
0.3589564150245228
0.3588950800349897
0.35883409318094944
0.35878943763722937
0.3587449458031033
0.3587006328289686
0.35865649456699006
0.3586125355282029
0.3585530319373289
0.3585094267786761
0.35846600874952467
0.3584227270651056
0.3583796233446027
0.3583367017813716
0.3582786086538064
0.3582360226570415
0.35819361230736485
0.3581513566236515
0.35809419637560924
0.35805227119214883
0.35801054407230853
0.35795407853012856
0.3579126626716339
0.3578714401444663
0.35781567599346453
0.357774739515392
0.35771948265663195
0.3576644624007814
0.35762404927753527
0.35756950906299617
0.35752944355155797
0.357489545009255
0.3574356461230347
0.35739604362983896
0.35734260779592447
0.35730332233485623
0.35725033587965244
0.35719755134055314
0.35715875550595994
0.3571201296071803
0.35706799063311623
0.3570161007746
0.3569779226088893
0.35693990402122167
0.35690201412933426
0.3568508766338655
0.35681327436082194
0.35677576134543426
0.3567252204562454
0.35668801975895315
0.35663788021496073
0.35658795745889615
0.356538259238519
0.3565016576321789
0.35645235861566943
0.356416035525695
0.3563671346403414
0.3563184386724817
0.35628251872365296
0.35624676328293853
0.35621110401753614
0.35616308814521425
0.3561276836298001
0.35608005387417946
0.3560449101964642
0.35599762179386674
0.35595054301655826
0.35590367382151766
0.3558570016404874
0.3558225418775913
0.3557762342129495
0.35573012061902826
0.355696037577375
0.35566209917297414
0.3556282490748408
0.35559449479414246
0.35556086557715777
0.3555273064758199
0.35549388326512327
0.3554489577811162
0.3554042292402238
0.3553711317723093
0.3553381719758201
0.3553052963489792
0.35526117607059293
0.355228515304368
0.35519596012644655
0.35515230378667656
0.3551087908257898
0.3550654649455969
0.35503336866301194
0.3549903443125904
0.35495847298382105
0.35491576877791475
0.3548841021692653
0.35485252872901873
0.35481026316762004
0.35477891575886183
0.35473692269973256
0.35469508873284444
0.35465342308431763
0.35462252045795034
0.3545916729342798
0.35456094968206686
0.35453029661585156
0.3544997598743601
0.3544588454666825
0.354428503249233
0.3543982170217992
0.3543680068194972
0.35432764598090916
0.3542874064411787
0.3542575222127048
0.3542276994681091
0.35418786263605834
0.3541582396911464
0.35412868930962854
0.35408924105288114
0.3540598662374883
0.35402068950625953
0.35398163066552024
0.3539525582461627
0.35391377525090517
0.3538751089870941
0.3538366213038731
0.35380791771629383
0.3537696572158885
0.3537315397677258
0.3537031333718411
0.35366526723403463
0.3536370548806603
0.35359942730757404
0.35356192133603187
0.35353394536780103
0.35350607291185604
0.35346894500172327
0.3534319255019329
0.35339502625150004
0.35335828809006986
0.3533308472460796
0.35330346330172124
0.3532670546036456
0.35323076961794764
0.3532036333557099
0.35316758461171865
0.3531406309209131
0.35311369750248894
0.35307799076557045
0.35304236647670795
0.3530157155499339
0.35298912903350976
0.35295382973018175
0.3529186375803335
0.3528835765281126
0.3528573341824882
0.3528224720144997
0.3527877353582148
0.3527531341514081
0.35272719523313023
0.35270130701392377
0.3526670174745365
0.35264127121578587
0.35260718264841745
0.3525731849725648
0.3525476592001138
0.35251387877528906
0.3524885101838581
0.35245492748562923
0.3524214525987696
0.3523880844070408
0.3523630115044935
0.35232983113762056
0.3522967836615208
0.35227190815894965
0.35224712263016383
0.3522143296220099
0.3521816412328279
0.3521570541679483
0.3521325079012504
0.35210804049303357
0.3520757295550193
0.35205137728957475
0.352019236755927
0.3519872048708924
0.3519630541070277
0.3519311795964105
0.35190716068645234
0.35187549647588606
0.35185161030500517
0.35182776403783744
0.3517963604574166
0.35176502586103187
0.3517413793610116
0.35171779739051173
0.3516942646292524
0.3516708026948965
0.35164736907686456
0.3516165138460821
0.35159318946911633
0.35156250828979535
0.3515319111215416
0.35150878085116566
0.3514857273287909
0.3514553675310777
0.35143243018062786
0.351402262727216
0.35137215495373136
0.3513421609770994
0.3513122623476567
0.35128961156616423
0.3512598838112493
0.3512373343169551
0.35120776194322206
0.35117826484248604
0.351148851442038
0.3511265560356699
0.3511043346165586
0.3510751512504321
0.35105302835411034
0.35103093306456384
0.35100888465880653
0.3509869217200567
0.35095810703973834
0.350936190300471
0.35091437105812756
0.35089256274392405
0.350864016364759
0.35083553718406596
0.35080716932798567
0.35078559340737947
0.3507640527605163
0.3507425835282046
0.3507144730549236
0.35069310242383334
0.3506651236466478
0.3506372454844101
0.35061602515471046
0.3505882767662133
0.3505671616531481
0.3505395501919079
0.35051204828515325
0.3504845849877402
0.35045722585231676
0.35043636765173075
0.350415555990646
0.35039479005029217
0.3503740690416771
0.3503470292543306
0.3503263938834852
0.3503057987609447
0.35028524669425287
0.35026477261011063
0.35024426915114726
0.3502175998156775
0.35019099254926384
0.3501644504883113
0.35013800043652255
0.3501177845450264
0.35009145123801294
0.35007132263603175
0.3500451483006381
0.35001900623860827
0.3499990266892865
0.3499790752284982
0.34995917254754055
0.3499393345212584
0.34991347303172443
0.3498937093671106
0.34986798369173566
0.3498423389082189
0.3498226939031405
0.3498030928412699
0.34977761766241044
0.34975810857245937
0.3497386368589081
0.3497191930584893
0.34969394958282796
0.3496687602284724
0.3496436657799937
0.3496186246990816
0.34959940665419736
0.3495744754049083
0.3495496199078991
0.34953053593224603
0.34950578887078243
0.34948113472906867
0.3494621681938679
0.3494376106503472
0.3494131059298005
0.34939427969776726
0.3493754797949389
0.34935671126029105
0.34933799304808366
0.34931930149636614
0.3493006540179462
0.3492765157874663
0.34925243141931667
0.3492338819367807
0.3492154114084732
0.3491969539126514
0.3491785141030356
0.34915468886279855
0.34913634262353516
0.34911261920311404
0.3490889659377314
0.3490653636663003
0.34904717084134906
0.3490290098338287
0.3490108930340065
0.34899279437360137
0.348969452383513
0.34895143107457843
0.34893341297415537
0.3489154750905922
0.34889753905666604
0.3488796705097243
0.34886180651706766
0.3488439954078194
0.348826184416224
0.34880841605132107
0.34878552535389956
0.34876783790691634
0.34874503996154194
0.34872230617915106
0.3487047134577958
0.3486871878005413
0.34866459824045964
0.3486420578084252
0.3486246069491217
0.3486071994522017
0.3485898176387598
0.3485674682172783
0.3485501534775592
0.348527884043459
0.3485106492699053
0.3484934200671803
0.3484712947911672
0.34844923373638004
0.34842720636501573
0.3484052344704148
0.3483833514427627
0.34836634873644295
0.34834452078685596
0.34832275795991974
0.34830587253354606
0.34828898424643956
0.3482673598673939
0.3482505762535557
0.3482290173320885
0.34820752675634803
0.34819082921291067
0.34816943154620705
0.3481527942954714
0.3481361954608856
0.3481149375557453
0.3480936917056016
0.3480772036752574
0.34806071657173104
0.34804426040258174
0.3480278510958133
0.34800681788149496
0.34799047305865377
0.34796952217139426
0.34795322566743636
0.34793696331802915
0.347920709461253
0.3478999438931732
0.3478792078036957
0.34785852512759924
0.34784239905524345
0.3478218121355113
0.3478057576134541
0.3477852407180228
0.347769238675041
0.347753268196113
0.34773732741511604
0.3477169601779496
0.3477010835616094
0.34768080177515837
0.34766057140252965
0.3476403923354116
0.3476202429072831
0.34760014992279653
0.3475844564749665
0.34756443489436506
0.34754446081051243
0.3475245318220373
0.3475046466360076
0.3474848097854998
0.347469276734076
0.34745379689815015
0.34743833295151805
0.34741863606427864
0.34740322828306774
0.3473836196604441
0.34736402974620423
0.34734870702861576
0.3473334232187432
0.3473139609302588
0.34729871263599527
0.34727932107743753
0.34725997969311817
0.3472406616503165
0.34722140033785004
0.3472062884551339
0.34718710804760045
0.3471720614074597
0.34715295678831243
0.3471379574665169
0.34712297457221236
0.3471080558718949
0.3470931061603358
0.3470782071355446
0.34706334136963357
0.3470444534184621
0.3470256035026646
0.34700679406010654
0.3469920341624201
0.34697330162966816
0.34695857688188564
0.3469438818107323
0.34692918903207337
0.3469145646194873
0.3468999229732142
0.3468853315342077
0.34686680985582424
0.34685224394110475
0.34683773321852646
0.3468193157116043
0.3468009361234711
0.3467825944268538
0.3467681718541866
0.3467498982410507
0.3467316577952284
0.34671346806835307
0.34669530499748796
0.34667718299658434
0.34666291135596405
0.34664488299318136
0.3466268567472315
0.346612653202061
0.34659849109125535
0.3465805711166867
0.3465626817241484
0.3465448226572669
0.3465270185104717
0.34650923056834415
0.34649522045833164
0.346481206773072
0.34646721903424726
0.3464532599289416
0.3464393139755603
0.34642172414844946
0.3464041630193268
0.34638662039104523
0.3463727815292813
0.346355315579675
0.34634152865284673
0.34632773805219136
0.34631037326582853
0.346293010933429
0.34627570032838373
0.3462584286900428
0.34624117351715405
0.34622753246216403
0.3462103703922113
0.34619676726436976
0.3461796414347664
0.34616610618740407
0.3461490296988744
0.3461355355285306
0.34611851822978357
0.346105070382378
0.3460916188841181
0.3460781822917627
0.3460648011128082
0.34605139229287846
0.3460380543922777
0.34602469134837704
0.34600791177440554
0.34599458891010904
0.34598129537710115
0.3459680469253954
0.34595138115957436
0.3459381276150064
0.3459215147399559
0.3459049130106256
0.34588836138783563
0.34587521855198555
0.3458620996996682
0.3458456262899685
0.3458325321716311
0.345819483947271
0.3458030866443628
0.34579006406829094
0.34577706159546
0.34576074272580565
0.3457477684095437
0.3457315184417648
0.345715304949096
0.34570239478538484
0.3456862221515701
0.3456733602242917
0.3456572392087842
0.345644415269245
0.3456316138538632
0.3456188119102387
0.34560605212422596
0.3455933122639473
0.3455805867990992
0.34556462602829197
0.3455487102853004
0.34553602686295976
0.34552016864358004
0.34550433535201525
0.34548852084624343
0.3454727312834318
0.3454570000885456
0.3454412500808927
0.34542555512556394
0.3454130675336566
0.34540056277038683
0.3453849436706866
0.34537248132932463
0.3453569220119708
0.34534449629594083
0.3453320997865058
0.3453197058559492
0.345304237968326
0.3452919074654839
0.34527958928540514
0.34526417939351034
0.345251881056396
0.3452365287780621
0.3452211905834676
0.345208962455683
0.3451936847621445
0.3451814796220848
0.34516928911671074
0.34515408312511126
0.34514194031247164
0.34512979210643774
0.34511466468753993
0.34510257669981376
0.34509049581839285
0.34507843576545816
0.34506339319253726
0.3450513565679217
0.3450393461269569
0.3450273586538242
0.34501537821226896
0.3450034007687624
0.3449914306962728
0.3449794977308836
0.3449675873379889
0.34495272709964425
0.34494084908879724
0.34492898997628185
0.34491713180613254
0.34490236936643287
0.3448876396436608
0.3448729116111449
0.3448611268811624
0.3448493731794037
0.3448347217074798
0.3448201105603516
0.3448083757174271
0.3447938067163779
0.3447792555487195
0.34476473199703916
0.3447530883516367
0.34474145320979804
0.3447298275958622
0.3447182324876448
0.3447038151857292
0.34468940177433605
0.34467786628064306
0.34466350769324816
0.34464918232339936
0.34463486628078915
0.34462338597075615
0.34461192246609323
0.3446004725572391
0.3445890207658879
0.34457759856523773
0.3445661889482206
0.3445547961676512
0.34454065062673866
0.3445292998993291
0.34451793041113626
0.344503836666126
0.3444897793692384
0.3444784790060752
0.3444671997698589
0.34445319898715365
0.34444194272977663
0.3444307072925475
0.34441947135103584
0.34440553823608205
0.3443916528323604
0.3443804613424589
0.34436929771945457
0.34435545349406943
0.3443443188659346
0.34433319220724057
0.34431942410508104
0.34430834252737713
0.3442945832630126
0.3442808643283267
0.3442698135268517
0.34425615254886616
0.3442451369958062
0.34423149753085935
0.3442178961128388
0.34420692598765984
0.3441959472636529
0.3441850151263439
0.3441740910510627
0.3441605726402331
0.3441470699557719
0.3441361852627803
0.34412273388808107
0.3441092868752384
0.3440984448578963
0.34408503926738676
0.34407423168805734
0.3440608676959241
0.3440475243837992
0.34403420634652326
0.3440234609355547
0.3440127283455348
0.34399946412755156
0.34398621837457904
0.3439729797410994
0.34395978968986524
0.34394661566526485
0.3439359525747862
0.3439253381498035
0.3439121939113296
0.3439015934979821
0.3438885028997566
0.3438779392658021
0.34386487486079775
0.3438543322993383
0.34384379092790324
0.34383078612750717
0.343817814841071
0.3438048536138204
0.34379190673831783
0.34378145233624513
0.34377099975293063
0.3437605599688173
0.3437501549509586
0.34373728871089315
0.3437244584550343
0.34371163851630154
0.34369884347273083
0.3436860765886987
0.3436733143731682
0.34366057605249123
0.3436502752678883
0.34363997820205794
0.34362729566341166
0.34361463800008113
0.3436043665497483
0.3435941265999581
0.34358149758573153
0.3435689176674159
0.3435586949135206
0.3435485142060555
0.34353596366557176
0.3435234382621121
0.34351328707357826
0.34350314015723615
0.3434906620881308
0.3434805471264518
0.3434681125714674
0.3434556819975405
0.34344328907908594
0.34343322076134236
0.3434208565516276
0.34341081847296834
0.34339849925267063
0.3433861804246721
0.3433761777742537
0.3433638858232516
0.34335391831782724
0.3433416571012375
0.3433294252413019
0.34331720194216586
0.34330499998825637
0.3432928314714526
0.3432829350489144
0.34327306383144196
0.3432609357970672
0.34325107193061516
0.3432389563157292
0.3432291292396757
0.343217069728081
0.34320725214920833
0.34319745595623435
0.34318767662040767
0.34317790572079476
0.34316813488213493
0.343156148851765
0.3431441976880842
0.3431344760920365
0.34312474121097214
0.3431150375794574
0.34310535074442833
