0.68389195
0.6741056
0.6644919
0.65504
0.64575166
0.17344294824780637
0.15893614283171445
0.09888212819395117
0.034612641602894616
0.03776368428538681
0.017675394170229206
0.029681395871856815
0.012941387712974983
0.011750516402895587
0.007601983330488622
0.013864854642622427
0.0033635295741298336
0.01645254651903855
0.014786339092684368
0.046915506544159206
0.0026012778833261587
0.0022891454613790034
0.007535841686312659
0.0036616513566316592
0.0018129179232993645
0.006745688408485449
0.007971136192070741
0.0027586764137411046
0.002224336722331262
0.0028113675984620034
0.003449904272485978
0.003142957918932253
0.015107787925506332
0.004185618912021605
0.002138511581239924
0.0050488272817887404
0.0032492939039987373
0.0013234121349462674
0.0048416278896351965
0.00502060563699553
0.002581971809486056
0.001777175010757311
0.0011035695797782122
0.026668695521216194
0.012646142551504383
0.12106833303496559
0.0016479703816729037
0.0012017059502417143
0.0010416572236153227
0.0010894189554396143
0.0013945279770871788
0.002000555892915241
0.009650420938727956
0.0021616174697558486
0.0012927221642068535
0.005110721475100819
0.0018324643195682135
0.0011363971324505643
0.00483646927841393
0.0035837591842012503
0.0010722846654063864
0.0010504174660930126
0.003585299671068331
0.001532519519928097
0.0009674010607641676
0.0047967178381098895
0.0038229107725351852
0.0008153211274108424
0.0033728252826772612
0.0008720710901046116
0.000637216260563566
0.014263479728271633
0.0011006596666225685
0.0015098506840066095
0.0016848032421207517
0.000940841689886296
0.0015700340248659779
0.0020191611775280537
0.0021511814761237583
0.002341831081253365
0.008200747524303472
0.0006351905566798908
0.0006304712175899285
0.009257859562181949
0.0008115381463338526
0.0006941872312691471
0.0016514845847812743
0.0011841446460381631
0.002130611271666172
0.0005708248313180922
0.0059415898150224885
0.0010812026899066985
0.0007593390308923043
0.0039469294739234535
0.0011942814031299846
0.0007785862949199581
0.0015892747899389377
0.0016319597138134147
0.002164514025364639
0.0032297180773729222
0.0006787698756898331
0.0006124905626096708
0.007908277313933157
0.0005384280633376511
0.0004949279894828043
0.0012739495829243786
0.0007877112096054106
0.0003824112188088576
0.0006886136919877292
0.0010551462054600258
0.009635932327639552
0.0006477103632727067
0.0005597866379576592
0.0005370561362597733
0.0006429962259127954
0.0007094218183592749
0.0012114315333040418
0.004552664920217967
0.0007158246894847319
0.00036145214519406435
0.00041934640144275254
0.000509133635860368
0.0004316000599155106
0.0007241823505661647
0.0018059048254694848
0.0005397176332878641
0.00039459137926344966
0.0027098498705156724
0.0005389406758931821
0.0003997401806783887
0.0013965055858373844
0.0008900879649523579
0.00045215563676949264
0.0005177501485230394
0.0003947012437326194
0.0006421470981792592
0.0007102404955863052
0.0014206472935864227
0.00452110444086956
0.00048114718983799924
0.0004324545868906106
0.00041806367348484513
0.0004241439297092893
0.0006712707728427094
0.0009995522313736218
0.002098004339892671
0.0004379444152526439
0.0002882406031350076
0.00036132325243527
0.00040275178280339716
0.00037070026718066324
0.0009620647486741796
0.006030498069352046
0.0005306950572504838
0.0003989184060681232
0.00036549415319727226
0.0004226084501793988
0.00034359569921787916
0.0003990690634353252
0.00681949066955582
0.0004997313065344819
0.0002836168631891585
0.0002846869497450917
0.00035092221064930706
0.0004029024117892958
0.0003084936794739422
0.006967726616983007
0.0004211381394772878
0.0002688278714853773
0.00022338170879400966
0.00040674883699297543
0.0003909880465218951
0.00028305561244985856
0.006436611660023316
0.00043740814643994776
0.00032440909026898836
0.00030619056388806566
0.00032723691379392866
0.001399280840456961
0.0003595113091413652
0.00026785099635840293
0.00035800446107797206
0.00026457258056748566
0.00023669337996436637
0.00016390490628374768
0.00014609762502788164
0.0023988527482043144
0.00024281458464149868
0.0001655399552647351
0.008312904715285147
0.0002711366494587262
0.00023493607093854702
0.000247502510488699
0.0002506221563952943
0.0006160527036425507
0.00020976389209812887
0.00029263278169180674
0.00038163663437921634
0.0015957944834742092
0.0001546529467724144
0.00013124387406965605
0.0007404692786034149
0.00022833612553966977
0.00019760913560502632
0.00014845856080426503
0.00016452659313656256
0.00290732010433933
0.00028131020831935027
0.00017777340412154595
0.00016188152696181758
0.00016286269401454803
0.000984431419857177
0.0002373386724506809
0.0006655074775296516
0.00021136085668559492
0.000171205933866957
0.00012534790467769234
0.0016400944739478078
0.001665983311877724
0.012572433144775307
0.0005443183600677367
0.00046251162605181193
0.00012995939417256066
0.00013454228800799227
0.0002434339512962049
0.00022713337659004801
0.00032321980587788425
0.000665078343362682
0.00016918754178971778
0.00015922965009017675
0.0014730183748863678
0.0003278140707106548
0.00018436600257906317
0.00019356530728742885
0.00021853429992561548
0.00026489516285627465
0.00013580793062616217
0.0009086324025501655
0.00015153193256660984
9.963350240092617e-05
0.000439236904033405
0.00025280313453748403
0.00014789568092634763
0.0001747271325323947
0.00015720104286951636
0.0057670211565217155
0.00020561011572786564
0.0001426597615165036
0.0001779012683579141
0.00010495859191189055
0.0004813011816467065
9.12616496499386e-05
0.0011801033756767476
0.00020478785462758948
8.46401364366688e-05
0.0001758637501338721
0.0012498572911487735
0.00016129423500577973
0.00011976015230482891
0.00016057186939844728
0.0001599339003379863
0.00011183956446984403
0.00011704379957536081
0.004103890904775619
0.0002772532528074721
0.00021477442700637748
0.00021148101324181584
0.00016380503399221198
0.00030922074495666257
0.0001317258628798549
0.0003325695912147695
0.002917276485540013
0.0001968990280536355
0.00016219756656410286
0.00012544833714037961
0.00014265739685552026
0.0001148494819743665
0.0003157203838505004
0.002000546118347959
0.00012650570312800394
0.00011768298198657501
0.00013420031721356096
0.0001571835894806366
0.0004657913976418851
0.00010382900468063629
0.0001247816062537684
0.00019205208797874217
0.00011690420397459893
0.00033476761948895045
0.0005265443855377137
0.000193685261684278
9.92682258591017e-05
0.00012446836557830754
0.0001566149478037392
0.0002615616289736905
0.0005091702927994083
0.0004998256876070624
0.00010372758942117324
9.061958657025872e-05
8.420278644617133e-05
0.0003036059539216169
0.0011070618108390943
0.00044438335185322534
0.00032647822428574314
0.00012044301371254237
9.272333926079791e-05
0.0005657817827662988
0.00017148251005080152
8.493234626254428e-05
9.441502404380741e-05
7.157181053555165e-05
0.0004955275683990882
0.00011334341148194402
7.420746327871936e-05
4.619759010597688e-05
0.002358191103591823
0.00016386005165922702
0.00013197121760617742
0.0002115787502453773
7.394163320896939e-05
5.912653480052731e-05
0.00026143735081023074
0.00045566286956539513
8.97228535278445e-05
6.938400105500898e-05
0.00010174239537020922
0.0003128888388919655
0.00013043620595984482
7.046336423375838e-05
0.00012221538249385412
0.0001549376417769689
0.0004398118381695648
6.311365962053041e-05
5.74716021725192e-05
0.00020878796971847825
0.00010163233632013951
7.30959249654467e-05
5.831526388500981e-05
0.0001617782503201743
0.0002644219160498386
6.305971341059551e-05
4.633092666769107e-05
0.00021486697522266908
6.330624694471853e-05
4.03389135236176e-05
0.00016340257546209943
0.00031938734738273447
3.623372683409761e-05
8.369745899569801e-05
0.00010154227721123815
0.00014484448441143082
0.00010817404995129432
4.489161382293046e-05
3.7046696967917107e-05
0.00019082456209608382
8.214588461601463e-05
3.611317480258135e-05
5.78587541477635e-05
3.707187004850767e-05
8.597128017759555e-05
0.0001093605517722261
5.808507736227814e-05
2.8139999907163378e-05
7.538909845871131e-05
0.00010385399249286164
6.399859486778976e-05
3.510044244076272e-05
4.304919877628331e-05
0.0022121221178757738
8.913144749939316e-05
5.9036305096892156e-05
4.049516700527304e-05
3.126381561834735e-05
0.00020470948824555344
3.9773269355888275e-05
2.9835931423751313e-05
7.537205862496294e-05
5.014064336319158e-05
6.264602114637203e-05
0.00010546784315024904
3.982802333182827e-05
0.00010431145965294908
0.0004407120893624876
2.6037302825335007e-05
6.366307049653406e-05
3.501911408821734e-05
3.154418118562572e-05
0.00011860671314994467
3.479733934199531e-05
3.141983551345249e-05
0.0009016751736273403
5.104143508565505e-05
4.377401190209468e-05
2.94985755562511e-05
3.753401128469609e-05
3.601416446406028e-05
3.238666013641314e-05
0.00014147015264665837
0.00010533302431403191
3.120545136225982e-05
3.3954886427952186e-05
4.2602326425997984e-05
3.194081966203891e-05
3.3575971950760906e-05
0.0018249226525904154
4.462038758590929e-05
3.3439424230640874e-05
2.7399821831238763e-05
0.00023348787256381287
3.4390280825155604e-05
2.656003088931594e-05
4.9507618984458896e-05
5.6608913762049496e-05
3.6283584360907114e-05
5.865444074086333e-05
0.0001291160001643636
2.5579090288048607e-05
3.059687801022334e-05
2.247563983801088e-05
0.000235672149049776
2.325997790257337e-05
2.628427064742544e-05
1.886548651202093e-05
0.00014807618963691736
2.2845615952429448e-05
1.8671729399577393e-05
4.984110488141029e-05
1.45463546144375e-05
8.15338238698107e-05
2.389432494749784e-05
2.2793945594371644e-05
3.643737774986466e-05
3.2237658714528544e-05
5.942686724204228e-05
2.383209123071543e-05
6.527232829671317e-05
2.984271304913806e-05
1.741731545517727e-05
1.5476037655446265e-05
2.2951424062670234e-05
3.376518808858707e-05
2.081333838385669e-05
3.638716965299251e-05
9.450299890465873e-05
2.0051342435783724e-05
1.5810828753189856e-05
1.735265690575691e-05
2.030742300966559e-05
1.2224239194220017e-05
0.00018737922921902478
3.915678712207146e-05
2.5815626572020965e-05
1.3261709952564055e-05
1.432233873078251e-05
1.8220445941409767e-05
2.470529072116117e-05
1.869237122309439e-05
0.0002637532196239735
2.2804534726128384e-05
1.5146019894265994e-05
1.5474807584952668e-05
1.3213704738510359e-05
2.5557823033272136e-05
3.148452284892416e-05
3.2065046490665645e-05
1.1356238797763252e-05
0.0001084072659702679
1.2470993071588327e-05
1.0257531215668469e-05
0.0002973275156226079
2.2960109876030878e-05
1.826024317740385e-05
1.2642655931961787e-05
2.2501218366282572e-05
2.6141361882848655e-05
2.3863041409457733e-05
5.007294640653996e-05
2.4027601245216695e-05
1.0321548084257312e-05
1.3154329556151885e-05
1.9337984668735452e-05
1.0966474654096643e-05
1.6698623364851852e-05
3.056303633699765e-05
9.24349773863469e-06
7.406606296259651e-06
8.638052686259814e-05
1.908277198517964e-05
1.2763566621121814e-05
1.8472210732005866e-05
2.163956571012576e-05
2.10771278806878e-05
2.0077082554658643e-05
1.588073489727593e-05
8.244711568773511e-05
1.703684549334158e-05
1.0562630079253747e-05
1.4163498377290215e-05
1.389107180316015e-05
8.1190153013161e-06
8.450133784514053e-06
1.4227287539325086e-05
2.674023025544729e-05
7.295180395772098e-06
2.468782735541393e-05
1.1817764497703479e-05
7.646922911276618e-06
1.750483226159769e-05
1.9519103727035964e-05
4.132435067975738e-05
9.846824221784735e-06
8.945397020740016e-06
6.637227538007668e-06
2.4140268168609056e-05
1.113965217134297e-05
6.016143408949673e-06
9.921012506539827e-06
6.461536369167859e-06
5.399222876377801e-06
9.621906001068486e-06
0.00010667378663947669
9.300756880605985e-06
6.97372471720227e-06
5.058042155514139e-06
6.24688656019382e-06
7.57138639289022e-06
1.0746084865185648e-05
7.002994443085514e-05
7.809939074913667e-06
5.171901620696305e-06
3.975396911278496e-06
1.4373301133845613e-05
5.049093704495773e-06
2.8826758538682146e-06
1.043862946988188e-05
1.3336601419263118e-05
3.344058308945504e-06
3.87774098366933e-06
2.792733951147355e-06
4.622312249111747e-06
4.988852782716918e-06
3.662349734177407e-05
4.7777398055504e-06
3.8573974771598755e-06
1.1275886214168483e-05
6.40048308732079e-06
6.271459749602012e-06
7.201545583764355e-06
3.6188476779561645e-05
7.198898214804435e-06
4.737812502141639e-06
7.655341979234517e-06
5.969988183814646e-06
7.4434821643858295e-06
2.7579063177691416e-05
7.3576125285398905e-06
7.430104494984648e-06
9.465790338479947e-06
1.0737876567710747e-05
0.0001721004735177969
1.0256839615979528e-05
5.7043045845802145e-06
8.875776552626719e-06
4.435019796179194e-06
2.1789938011638412e-05
5.292958835107194e-06
3.935802630906725e-06
2.7338255296318226e-05
1.2505192150576606e-05
6.312747244787623e-06
5.9451374651930675e-06
7.172884548127046e-06
6.920018584655807e-06
8.137102578104988e-06
0.00011981188886007759
9.081718958824197e-06
6.797673596762512e-06
6.650127570240765e-06
9.919918664303331e-06
5.334396621522403e-06
5.909230077076722e-06
3.765381630855174e-05
1.5427154361279486e-05
7.217919850391961e-06
5.6591159816429116e-06
3.95925142056773e-06
1.442734171014832e-05
7.274283011414643e-06
3.3601715888877034e-05
5.746808547694197e-06
3.890621195624466e-06
1.839088513489026e-05
6.859980242283464e-06
3.857270054325114e-06
1.4258731658960797e-05
7.267612466408561e-06
8.687869985433903e-06
7.373522351398979e-06
1.2855132036335834e-05
1.0797410329027836e-05
9.133112796365552e-06
1.679366137917902e-05
1.2282703129365514e-05
9.334869932717482e-06
6.282456579475398e-06
1.3297504296302888e-05
0.0001316366831048501
1.163337667615603e-05
8.571522543977328e-06
1.0604935653875633e-05
4.005247219717791e-05
9.337129607380728e-06
4.6811971033598665e-06
3.1838106499727774e-05
7.043306619519766e-06
1.5744605650156522e-05
5.213868129913576e-06
4.928963156510584e-06
6.851036001465094e-05
7.657526354123596e-06
4.555573407796561e-06
1.9642013745658053e-05
6.6115271555491125e-06
4.060760847874527e-06
2.0962960648880387e-05
9.762810946991009e-06
5.18967221484266e-06
7.03030014539762e-06
5.561936940573845e-06
2.5120174908143094e-05
4.45253590389874e-06
3.7788295999271505e-05
6.617289217151235e-06
3.967076811228033e-06
4.936491715699173e-06
5.250885364433207e-06
4.789283510269199e-06
4.408521116489956e-06
7.67390420342577e-06
2.4477069971364614e-06
2.1920432995712873e-06
4.175616461014582e-06
4.856406817867376e-06
7.1794387737166375e-06
4.4946036083377126e-06
1.5540060863624762e-05
4.954121549178836e-06
4.005796744585447e-06
5.636455573181859e-06
7.5712139138865475e-06
7.517976888782006e-06
1.2040236372770224e-05
3.834135861125342e-05
4.710505547666551e-06
4.9306789646990135e-06
3.658089964329927e-06
1.1990556262927543e-05
2.1322021547490853e-05
4.826132652776298e-06
5.519623227288614e-06
6.248176447570179e-06
4.214235764552122e-05
1.0486920068909712e-05
4.086282096308239e-06
5.74960689687552e-06
7.344379187296511e-06
8.192090044014476e-06
1.4978619172876307e-05
4.814070206691406e-06
4.457234633130867e-06
5.4318722634005436e-06
5.847499536814143e-06
7.204090850477189e-06
5.1491496764826256e-06
4.147748820926392e-06
1.5134955559955707e-05
6.955293936446523e-06
4.37383925925583e-06
4.070272318179452e-06
2.5575024702813368e-05
4.023551186982313e-06
2.6793011166364607e-06
4.63773718038472e-05
5.471837914596951e-06
3.838656438622279e-06
7.732089535555244e-06
7.472028930888934e-06
3.127023392346139e-05
5.121694671220108e-06
2.779290425226752e-06
2.6015300374951997e-05
8.616953610528574e-06
4.332762622587455e-06
4.646360844558906e-06
5.717067563252858e-06
1.2907249602164579e-05
8.06104376377315e-06
5.17797804125826e-06
7.899275013372982e-06
8.218350879266973e-06
3.0664199739148925e-06
9.829384516435208e-06
3.3324424141148335e-06
3.7185014199982006e-06
5.916149008551905e-06
6.362525930256578e-06
2.00222332315429e-05
5.0373678775837434e-06
3.5713508625131267e-06
1.857569253165334e-05
4.152472892316607e-06
4.4887806537052135e-06
7.3270834080191096e-06
8.579322597281257e-06
1.177072434852644e-05
6.131755637836765e-06
4.9841450144811894e-05
5.002629502761748e-06
3.993465038219603e-06
8.774163964561425e-06
4.177887395414938e-06
5.6210248369219335e-06
4.427179291224322e-06
6.0857818178244975e-06
6.574792722503363e-05
3.3594953661839926e-06
3.111792860536509e-06
5.383590577356334e-06
3.333807971368421e-06
3.877200450366845e-06
3.2776266953348124e-06
3.8759427473056076e-06
2.0829328952970295e-05
6.766101412779094e-06
2.610337012824155e-06
1.3188368501111866e-05
6.210252957230301e-06
3.996388555810619e-06
4.11578955289441e-06
6.894419826524112e-06
3.94250565696124e-06
7.624550568276795e-06
3.179800601812822e-06
3.141696631897995e-06
5.5174768465105796e-05
4.437920966636164e-06
3.0325213703656196e-06
2.6741214986402318e-06
2.403418736783924e-06
2.1543523913349414e-05
2.5887508275456228e-06
3.1895779729589705e-06
6.798577040031903e-06
3.999407056568435e-06
3.378884137842844e-06
2.5403192792025457e-06
2.1845654136105964e-06
2.313093893919758e-06
3.5397923139298736e-06
1.6546131216176044e-05
2.476324480951515e-06
2.123889893145221e-06
1.1067671950042828e-05
2.55561895739987e-06
1.7322186689881663e-06
1.2982008295407927e-05
2.90311241739951e-06
2.139319858261944e-06
2.591274943188383e-05
3.696328241445546e-06
4.19979977482744e-06
2.6052438208021645e-06
8.448879116705865e-06
6.964952472400771e-06
2.3783592940647745e-05
4.685233850048794e-06
2.7980896327306506e-06
4.511963254475302e-06
5.1070143348522745e-06
8.228209479367415e-06
4.025522459693384e-06
1.924126643607052e-05
2.4114497646275413e-06
1.7816550389993275e-06
1.1680592128739975e-05
2.93664697710665e-06
1.878264712552104e-06
5.786043695960104e-06
4.872628166775682e-06
6.292406982588096e-06
1.4103261376747532e-05
1.9843625419155824e-06
1.753655560639273e-06
6.855070137458585e-05
3.1332659766309027e-06
2.65166607647484e-06
2.517134437836975e-06
2.765721914876774e-06
3.1604734490900144e-06
3.6270184777461765e-06
2.907307845672462e-05
4.1054802785112925e-06
2.352920772901057e-06
2.8808025233266248e-06
2.746943246739465e-06
3.596761185068157e-05
2.875743496699197e-06
3.789784898111501e-06
4.448880156475686e-06
5.810716001620611e-06
3.0553801185220845e-06
1.86786739411596e-06
6.0460540505883495e-06
2.070603704867669e-06
1.4528849639474725e-06
3.005110840396735e-06
3.4450254807096524e-06
4.026813748382741e-06
2.1433144810852287e-06
4.716033904644744e-06
2.4150679793719696e-05
4.902979896322151e-06
1.8706169467717482e-06
2.573751128799653e-06
1.2481284928868347e-05
2.319202051219924e-06
1.2932215230578576e-06
1.1343881389268212e-06
2.7389850234347197e-06
3.1287995321095684e-06
1.7427804711992235e-06
1.8766915783458085e-06
2.6628104962529377e-06
1.2145947736134443e-06
4.105209839620049e-06
1.0199983789424324e-06
2.5305408052942345e-06
8.543140880288886e-06
2.3132804092305343e-06
7.717702156871052e-07
