1.1777233489734293
1.1631341881251538
1.1489591815984808
1.135185358353775
1.1218002992580465
0.5556808422261272
0.457490727164614
0.23034940965285944
0.11985267095380893
0.08133742331777223
0.04533952598370951
0.032482072532711466
0.028404290065169657
0.027184464494511198
0.02041856572854976
0.020119557721826168
0.014104419622370655
0.020527157821778778
0.01266324312142269
0.01780679258373534
0.011786620094959704
0.011693985541583376
0.011840893795429479
0.010871740685899188
0.010451038980138588
0.00991190498246969
0.009703760484432241
0.009427317419258917
0.009325876435938489
0.008980700031509197
0.008792811513243562
0.007897494767155762
0.0079754932482432
0.0074542081498924165
0.007317398753835695
0.007208885156056589
0.006997412132561475
0.006688514128721308
0.006431913876565949
0.006305441983526203
0.006173564843556107
0.006067842146390995
0.005871863448172889
0.058697335743619974
0.017727979543452222
0.04383170830764495
0.005546628239060945
0.005499934338055816
0.00547652759924619
0.005371061165462926
0.005281724979606011
0.005129889732644516
0.005177737464140065
0.004949072402820887
0.004909423102855632
0.005031418773906048
0.004760720709443799
0.0046734710318925106
0.0044703628852479005
0.004359909398889619
0.004290377061148899
0.004248674424646857
0.004197382310382606
0.003907882968656156
0.003756572983496817
0.003551687275445915
0.0034971119442409587
0.0034175394099083545
0.003535094882085168
0.0033683446300837075
0.00334658992255154
0.005204212050884932
0.0032120184165915526
0.0031950500257399714
0.0031478172681648595
0.003132782358744877
0.003090789204988603
0.0030596195929969696
0.002988503131494709
0.00288901173742538
0.003243804447633973
0.0028356577044782315
0.0028259826234810553
0.0030706120091623015
0.0028043907801850003
0.0027994690535310227
0.0027283865650305048
0.0027022754826362405
0.002707482515197971
0.002644134547399981
0.002698963552495224
0.0025999182300848844
0.0025833522435067765
0.0025754600732867242
0.0025266609271371913
0.002516525436784565
0.0024815192681051173
0.0024659580737638803
0.002427307179175862
0.002632792002201235
0.00238349823835238
0.002367412297937847
0.0024248512570184933
0.002290530207922058
0.0022872211673929566
0.002308898291412541
0.0022571477797108637
0.002231440912618972
0.0021820226196111324
0.0021312780019962863
0.002329289776635096
0.0021120083800618005
0.0021101058243471
0.0020994401965895152
0.002087589538489471
0.00205208981159079
0.0020438397927904023
0.002062657458609408
0.0020176289784324193
0.0020138181124300324
0.002010201188104476
0.0020069606879090014
0.0019952135055010993
0.00198121460116769
0.00197540884489873
0.0019653171860986723
0.0019618074428053513
0.0019996722662425958
0.0019382859425640874
0.0019323781763522974
0.0019107662980177799
0.001906770093185082
0.0019010260112244427
0.0018930773994372616
0.0018878105668667185
0.0018737023627537189
0.001862884881945979
0.0018404402558162458
0.0018761259714305109
0.0018273303810328323
0.0018257856977418182
0.0018110693141602068
0.0018018478262688924
0.0017773036703384337
0.001769448016319521
0.0017646966270376328
0.0017540043128078345
0.0017525402703665695
0.0017499588307705563
0.0017459015124245
0.0017172001698108246
0.0017202104766979116
0.0017820667625768661
0.0016979015106638397
0.0016964269031720114
0.0016927738494205966
0.0016896126655498846
0.0016785404177437444
0.0016693024407665605
0.0017904682934515995
0.0016600242683999123
0.0016584512812948787
0.0016570226139826347
0.001654983553789973
0.0016477506139723132
0.0016389807812829343
0.0017520115063529708
0.0016310409910011141
0.0016297926824458651
0.0016282203096043514
0.0016246635585831716
0.0016203403244979004
0.0016093344552235104
0.0017140291813383286
0.0016035627626966441
0.0016022289170777295
0.0015988334766518957
0.0015955725391330663
0.0016004757466536387
0.0015821885956432515
0.0015804243084939394
0.001578693103394079
0.0015765738896266225
0.0015745098423746095
0.0015706529561404874
0.00156619339459425
0.0015808820068875925
0.0015554500268231504
0.0015539800324141425
0.0018645803552535065
0.001551952205183758
0.0015513109371954649
0.0015455997820533584
0.0015428602393153265
0.0015380771227632563
0.0015354218857058035
0.0015343845032137777
0.0015325598835593769
0.0015425712357543559
0.0015299425687594992
0.0015291136686644237
0.001527878397605356
0.0015248698328748636
0.0015245508104675262
0.001522322607975641
0.0015192791265493007
0.0015424449673334297
0.001516145275006287
0.001515338760272087
0.0015140235209226871
0.001512701400483277
0.0015124276950213382
0.0015032423442221774
0.0015026430803469703
0.001501609531852653
0.0015005341854033047
0.001497586134155621
0.0017172068742877602
0.0015153146039220788
0.0024820360731652637
0.001489281334997854
0.0014888329238698132
0.0014881755583250219
0.00148789953956481
0.0014868052706709693
0.0014858464370454394
0.0014837686351994745
0.001483995060237075
0.0014807932955018023
0.0014802921859441741
0.001482227234860762
0.001478224885995189
0.001477730639425265
0.0014767619450156606
0.0014761030902496876
0.0014740706532853963
0.0014717107692063607
0.0014732076117299562
0.001470178997177785
0.0014700312382174363
0.0014690991804345243
0.0014680503570516125
0.0014662347420774393
0.0014654358161630618
0.0014615562257948092
0.0016016611281084664
0.0014584063398094653
0.0014579542950763102
0.0014568197716461886
0.0014557310985948168
0.0014552220963160993
0.0014518905896123474
0.0014582069776389829
0.0014502971307791999
0.0014496028414546802
0.0014480832540681163
0.001452377028251029
0.0014469646819180201
0.0014466011232531725
0.0014452411426565425
0.001444336738621345
0.0014433297888253344
0.0014423258335552627
0.0014881023821892605
0.001440586049927485
0.0014400135296872834
0.0014356492697316745
0.00143405850180399
0.0014308079918767898
0.0014284577668730045
0.0014268324748622436
0.0014424558459730208
0.0014251789612433343
0.0014249361342653915
0.0014235510382311907
0.0014218494468015291
0.0014193026023294412
0.0014122804805543152
0.0014210927861534122
0.0014129339781804367
0.0014127147888078403
0.0014109130991051884
0.0014084808700113285
0.0014068026459520776
0.0014059139190411838
0.0014054795749423189
0.001404029386132822
0.0014022522730691867
0.0013957665162463216
0.0013964477714235738
0.0013964465168024942
0.0013963409970391312
0.0013957361389741118
0.0013948657848796885
0.0013922647599417704
0.0013896246796350222
0.0013888740013526407
0.0013893559157542978
0.0013893683404428874
0.0013888080585361439
0.0013878817546910374
0.0013895912426232248
0.001384273721218922
0.001382958508921217
0.001382151311103514
0.001381616376990207
0.0013774764032871711
0.0013791417693627894
0.001378915603336154
0.0013783320395246638
0.0013780156729132616
0.0013753832763612878
0.001376419835894503
0.001376352826867065
0.0013756908853105076
0.0013929337300542493
0.0013742287623555397
0.001373588968843407
0.0013717770859804047
0.0013704825934820872
0.0013711159020689011
0.001369575189621847
0.0013679247252180902
0.001366968764382123
0.0013665600527367943
0.001365121277911244
0.001364179843295413
0.0013638907355651255
0.0013636981415202963
0.001363615001527101
0.0013630344118023983
0.001363074113943557
0.001362150090094375
0.001362081921429991
0.0013612709383041075
0.0013607554616574683
0.0013597357165221475
0.0013593851558606474
0.0013576494062698286
0.0013572539855423336
0.0013575616467003877
0.0013575373694691081
0.001357172020039062
0.0013569987048226415
0.0013568762481989622
0.0013576656384963603
0.0013584211615079512
0.0013569412482802292
0.0013569403923085809
0.001356920810825025
0.0013569224229292918
0.0013570190741926283
0.0013567340513819632
0.0013566290513259748
0.001355985852851698
0.0013560350499570383
0.0013560817675106528
0.0013560536494282688
0.0013560500067420907
0.0013555979973648969
0.0013556293582152352
0.001355603969325316
0.001355457275616161
0.001354849057356693
0.001354886799664139
0.0013548090017098144
0.0013544514383600557
0.0013539217832813262
0.0013751498838966883
0.0013530263628297
0.0013529056166304292
0.0013526369020050004
0.0013525094834614124
0.0013517624052435597
0.001352074905127823
0.0013520636739252862
0.0013519795181285608
0.001351963206719982
0.0013513703519203917
0.0013511022912722867
0.0013508083671449622
0.0013496638731539986
0.001350294963226108
0.0013502195301166775
0.0013496859611708647
0.0013498088791010295
0.0013498298245847907
0.0013489880699340013
0.0013486384224243814
0.001348205262493839
0.0013489825565799387
0.0013478644418840832
0.0013478034862722988
0.001347368377237229
0.0013471074497835103
0.0013468898966912956
0.0013467279133621284
0.00134612691491657
0.0013463223378763914
0.0013463217104165612
0.0013462605611473325
0.0013461216705956225
0.0013457915263441196
0.0013455993438208145
0.0013580777160712525
0.0013456793300929398
0.0013457361663306376
0.0013459288241869038
0.0013466365089913326
0.0013459426119947818
0.0013458655946287609
0.0013455860848639856
0.0013453979969793373
0.001345382436547285
0.0013455339256755905
0.0013452626948810076
0.0013452885585974173
0.001345308345237947
0.001345302580111226
0.0013452804664586546
0.0013451191917770154
0.001344961761982722
0.0013448228062009691
0.0013445388633544287
0.0013446073746777988
0.0013446461724230508
0.0013446527620994994
0.0013446602266877416
0.0013443990321912113
0.0013444616164371393
0.0013444569273040519
0.0013444228325931401
0.0013443196656895999
0.001344176140906441
0.0013440184609958075
0.0013440194885517536
0.0013439409757241866
0.0013439100283638749
0.0013438875244861288
0.0013437632301711265
0.001343656350881206
0.0013435901803432917
0.0013434618130593811
0.0013433888564543081
0.0013434212840857155
0.0013434250626348531
0.0013434155529957604
0.0013433917843199137
0.001343375710143025
0.0013431189105940365
0.0013432065629870797
0.0013432406695853966
0.0013432161892413372
0.0013431935342207116
0.0013431679469691378
0.00134310832952373
0.0013430142781893618
0.0013432977186031109
0.0013429744734710241
0.0013429824535748306
0.001342999351576622
0.0013429847222494666
0.0013429309368058046
0.0013428007317859236
0.0013427345825841226
0.0013426752524447034
0.0013424756137659583
0.00134257479659801
0.0013425969037376229
0.0013429383544754218
0.0013425799026485197
0.001342547205532813
0.0013425428468427287
0.0013425261350500921
0.0013425262148992361
0.0013424991567030171
0.0013424949680764244
0.0013424641619125338
0.0013424456926425723
0.0013424066238533225
0.0013423731397872133
0.0013423046928455827
0.001342271708961227
0.0013422763293052008
0.0013422770179698197
0.0013422764749953262
0.0013422963135054737
0.0013422677111009763
0.0013422652669559634
0.0013422557084311383
0.001342250672034265
0.0013422281813420158
0.001342207711158602
0.001342184786911447
0.0013421578627518245
0.0013421403950070777
0.0013421349857380947
0.0013421127409670617
0.0013421015161749338
0.0013420734844431417
0.0013420715985333574
0.001342060799627922
0.0013420577593220445
0.001342051361663813
0.00134203851476236
0.0013420387083489958
0.0013420344763907534
0.00134202348412628
0.0013420089411338456
0.0013420224143086553
0.0013419889649948936
0.0013419863527430324
0.0013419718082280474
0.001341961522494181
0.0013419515056743113
0.0013419511466230538
0.0013419517850942557
0.0013419475639040908
0.0013419389907098095
0.0013419264996790004
0.001341937672799983
0.0013419217331921474
0.0013419208320827175
0.0013419176448678024
0.0013419109166266953
0.0013418908937567775
0.0013418881665125844
0.0013418990763237072
0.0013418866632715547
0.0013418862607695297
0.0013418856535486346
0.0013418851642050692
0.0013418829789021978
0.0013418822291346429
0.0013418806342053741
0.0013418804888056322
0.0013418794958776831
0.0013418790271727877
0.0013418785402694888
0.001341876605173473
0.001341875767401449
0.0013418734527477045
0.001341870146590023
0.0013418694513744258
0.001341862756374103
0.001341860902196156
0.0013418586924991644
0.001341847044607152
0.001341843120711466
0.0013418344754895556
0.001341832068563666
0.0013418231989366382
0.001341820009257563
0.0013418104071520388
0.0013417833576687159
0.001341786580892039
0.0013417853002118002
0.0013417818344071055
0.0013417741595251561
0.00134176696433279
0.0013417518231114034
0.0013417487088831673
0.0013417431825127797
0.0013417408102283164
0.0013417069522952947
0.0013417200879607576
0.0013417189663758908
0.0013417083123546578
0.001341697977643322
0.0013416856645848958
0.0013416754749220514
0.0013416573872411068
0.0013416424714876583
0.0013416130792821184
0.0013415577062748094
0.0013415969547224097
0.0013415930079638742
0.0013415725388486873
0.0013415337529339847
0.0013415180626974333
0.0013414820442533026
0.0013414248765148387
0.001341441546990197
0.001341440317580671
0.0013414349372645653
0.0013414233504815934
0.0013413661720697537
0.0013413717864287395
0.0013413587028427028
0.0013413596348414224
0.0013413545759006851
0.0013412969486194875
0.0013413360080465338
0.0013413355818971881
0.0013413272246651064
0.0013413220406525087
0.0013412940938432852
0.0013412692051600595
0.0013412279007137204
0.001341189679018062
0.001341181405704677
0.0013411611857080622
0.001341134241794349
0.0013411183935883807
0.001341095786836445
0.0013410130256503417
0.001341037177059473
0.0013410179620098877
0.00134101078565128
0.0013409641621663507
0.0013409419828609805
0.001340947373767969
0.001340936741583041
0.001340863252247467
0.0013409054296313414
0.001340918934997021
0.0013409018078288715
0.0013408948677071516
0.0013408017279021797
0.0013408589950094786
0.0013408565321491276
0.0013408356015574107
0.0013408489669127937
0.0013408458611550312
0.001340815790336671
0.001340811811002181
0.0013407960723377087
0.0013407875421475454
0.001340769329897025
0.001340711567307997
0.0013407511917826829
0.0013407702749793893
0.0013407616661570761
0.0013407626870190318
0.001340766580638983
0.0013407669937170665
0.0013407757071991217
0.001340770592557625
0.0013407675386304138
0.001340767327046637
0.001340767142234636
0.0013407664509225584
0.0013407659823442806
0.0013407590611784021
0.00134074867390454
0.0013407399121893734
0.0013407405181721714
0.0013407404847165208
0.0013407391079614229
0.0013407354420334147
0.001340725050099292
0.0013407036469368313
0.0013406801902392687
0.001340678464071548
0.0013406788798012762
0.001340673034789658
0.001340634773102718
0.001340643297966047
0.0013406382558509762
0.0013406332630143964
0.0013406158700087444
0.0013405925621409354
0.001340594040082337
0.0013405912563546573
0.0013405857303266256
0.0013405819946490588
0.001340565786458072
0.0013405404754627465
0.0013405155046285872
0.0013405148462327272
0.0013405019842937765
0.0013404886947868747
0.0013404703645737406
0.0013404648030760362
0.001340457807289484
0.001340416216775602
0.0013404247843517936
0.0013404278957892103
0.001340419203658267
0.001340431467377509
0.0013403768572444216
0.0013403863035827332
0.0013403979712082565
0.0013403830026291052
0.0013403815680985327
0.0013403663988805284
0.0013403591714027654
0.0013402993076456497
0.001340333557518765
0.0013403317994006782
0.0013402995083849599
0.001340310910994425
0.0013403071850978069
0.001340295582070459
0.001340287206342963
0.0013402646508273825
0.0013402517978590976
0.0013402342397535038
0.001340227504007949
0.0013402122949964373
0.0013401684073102377
0.0013401930790570408
0.0013401930644785756
0.0013401906258407308
0.0013401833325029765
0.0013401762765554459
0.0013401369293834348
0.001340139697812882
0.0013401404896879422
0.0013401205441501637
0.0013401255857258018
0.0013401237838105802
0.0013401164796372537
0.00134010605671321
0.0013400699379343924
0.0013400673321124733
0.0013400536149122235
0.0013400636403588333
0.0013400616474339752
0.0013400485376037362
0.0013400466704872487
0.0013400423584358707
0.0013400374303186775
0.0013400287108979773
0.0013400473609184098
0.0013400252946368686
0.0013400252996858767
0.00134002209237591
0.0013400187752537717
0.001340015209703877
0.0013400121851613682
0.001340008003519847
0.0013399975011498821
0.0013399965059719416
0.0013399948858980905
0.0013399876774947642
0.0013399909979175061
0.001339991038129584
0.0013399876023090199
0.001339981548169937
0.0013399755169613723
0.0013399505421888124
0.0013399586137619805
0.0013399562507417056
0.0013399581173313172
0.001339944749976039
0.001339940166317511
0.0013399303243138276
0.0013399130127998602
0.0013399203506606206
0.0013399099375382797
0.0013399098446110716
0.001339910470489228
0.0013399090300037911
0.0013399085585684201
0.0013399069071751981
0.001339905893389527
0.0013399042193437873
0.0013398998831285027
0.0013398938999810866
0.0013398940861175147
0.0013398934624626658
0.0013398794594196802
0.0013398866761590146
0.0013398864760308176
0.001339873734938955
0.0013398766057924542
0.0013398736484922663
0.0013398192317590277
0.0013398635313980535
0.00133985793743113
0.0013398567173126506
0.0013398456311413394
0.0013398346201039743
0.0013397777760128455
0.0013397879408933453
0.0013397866737833396
0.0013397822342088468
0.0013397863334531756
0.001339715456827972
0.0013397393721355534
0.0013397439344332027
0.0013397332021514755
0.0013397305066717336
0.0013396983271839775
0.0013397192641819173
0.0013397195693303503
0.0013397146053583994
0.001339714195846712
0.0013396981979665239
0.001339724464475342
0.0013397040682543997
0.0013397007906425357
0.001339714622390909
0.0013396939291597674
0.001339693885947236
0.0013396915492398787
0.0013396893198817537
0.001339682463645768
0.0013396711830454475
0.0013396556157200604
0.0013396566712933786
0.0013396559765966344
0.0013396515112326114
0.0013396519175209564
0.001339591295729342
0.0013396348773881109
0.0013396329912252656
0.0013396317135252495
0.0013396310171020758
0.0013396264755013477
0.0013396228381177616
0.0013396120738136395
0.0013396153369556922
0.0013396198809274484
0.0013396165147833677
0.0013396112154594525
0.0013396021728809705
0.0013395987152607263
0.0013395959440983618
0.0013395937152154889
0.0013395974999294738
0.0013395950979673084
0.001339590855827685
0.0013395973557767235
0.0013395912639495436
0.0013395907405365985
0.0013395893852864373
0.0013395886281808162
0.0013395855889853717
0.0013395855806418644
0.0013395848420185773
0.001339582644071211
0.0013395805937939835
0.0013395747621066886
0.0013395776528529301
0.001339582242601137
0.0013395768091394708
0.0013395755988699575
0.0013395761077278077
