0.37385735697563527
0.23660137454625707
0.14275923934235712
0.08007566996638277
0.06580805649988475
0.054278055234050326
0.04761499145986792
0.040293308815116224
0.037753500756820435
0.035857963553364514
0.03428724977622105
0.03060285542450908
0.027299226207483096
0.025912384777308117
0.024662523445438234
0.023575358542589187
0.022567751831936878
0.02171033777359871
0.02087551710655794
0.020191205502924026
0.019472695414788244
0.01775755156302633
0.016392412493718367
0.015361083445223356
0.014837090296685729
0.014350301175415303
0.013886993006122061
0.013455574619164745
0.013042721979670158
0.012657436630086893
0.012287346402558852
0.011941200062832391
0.011608021179546346
0.011295675835144514
0.010994847967578547
0.010712137915753206
0.010439967667057848
0.010183530633341875
0.009936896996296962
0.009703910201004862
0.009480082905815979
0.00926808078714042
0.009064608220483217
0.008871386029881634
0.008686046140367165
0.008509603132174137
0.008340382547434189
0.008258987186053612
0.008069347079283251
0.00789883779056405
0.007732353763003519
0.0075800522404844695
0.007432799262537204
0.00729620666136499
0.007164842153562001
0.00704163736907254
0.0069233929660480475
0.006811533083842858
0.006704178361741642
0.006601934651038033
0.006503692260866889
0.006461590161640496
0.006342939892426791
0.0062368188496608745
0.006135910611651252
0.006043361145033066
0.005955313387328742
0.00587305201235816
0.0057945338934585755
0.005720194759546493
0.005648937317673741
0.005580838302584323
0.00554556890854252
0.005463613749036034
0.005386896969983013
0.0053172074615527865
0.0052515009974895555
0.005190323352678883
0.005132149813927511
0.005077055265068353
0.005024259657011365
0.0050034484685999026
0.004935843529555506
0.0048759513960073275
0.004820240701215839
0.004769135860847373
0.004720946123440706
0.004675659694113987
0.004632449179367726
0.00459119372782979
0.004567869857705464
0.004516617335203532
0.004469491108075485
0.004426675585960049
0.004386563084921469
0.004349033380248446
0.004313322353428295
0.0042792689562782815
0.004260679296562986
0.00421770019426837
0.004178443491328621
0.004142839651005981
0.0041095605680078195
0.004078406515356348
0.004048756166664946
0.00402043405308572
0.004001512841916077
0.003966207898401908
0.003933971290061844
0.003904570494184967
0.003877025404381562
0.003851106927352188
0.003826361015140667
0.0038136990655825986
0.0037813916383621082
0.0037528451359476467
0.0037266146017928548
0.003702411018430718
0.0036795832130783745
0.0036579205776759993
0.0036483890356768245
0.003619825051694614
0.003594162925791844
0.003571051778994805
0.0035495873346286233
0.003529504215777468
0.003510396003867322
0.003502034904626472
0.0034764569261852007
0.00345402092551389
0.003433535533846177
0.0034146805262771918
0.0033969277094046957
0.00338007550704833
0.0033714625643283536
0.003349289245569209
0.003329419366377484
0.003311470616294665
0.0032947780564963614
0.0032791000647722224
0.003264140698848117
0.003254706524020823
0.003235254789413111
0.003218017657846628
0.0032021915223534037
0.003187497289747543
0.003173580530092257
0.0031602819790250147
0.003149760295327264
0.0031330410343033965
0.0031178995885269845
0.0031040142666305393
0.0030909721273525426
0.0030785925811917525
0.0030715987163283387
0.00305528689745721
0.003040711595943879
0.003027514325150471
0.003015223981720716
0.003003638808196263
0.0029925518719406408
0.002983687154457848
0.0029696247720730207
0.0029570418602861692
0.002945420552759037
0.0029345401322733444
0.0029241731990747866
0.002917482804649374
0.0029038871214681627
0.002891857313667756
0.002880834667042642
0.002870579696061082
0.002860852341020348
0.002855980683496906
0.0028428290087814667
0.0028313109054834973
0.0028208329140753663
0.002811144526305376
0.002801990643358676
0.0027986027223062537
0.0027858890270306413
0.002774853494873164
0.0027648798097692495
0.002755707681981634
0.002747073764493735
0.002738843027830007
0.002732657106458092
0.0027220660664726837
0.0027125515693671165
0.0027038460981301804
0.002695680153179003
0.002687914498235411
0.002682662439403072
0.0026725017862523903
0.002663423205529314
0.0026551523668741916
0.002647416937106073
0.0026400765386771496
0.002635556695680552
0.0026258212448804774
0.0026171599467906814
0.002609295647635679
0.002601958721879627
0.0025950074903018927
0.0025910428350726655
0.0025817284819037445
0.002573468107990584
0.0025659884846952474
0.002559022153760082
0.002552430319174015
0.0025488678058400716
0.0025399693922194544
0.002532097876671968
0.0025249822372378494
0.0025183616334852332
0.002512102135069305
0.0025088096393723336
0.0025003246711189364
0.0024928294026885234
0.002486058079093356
0.0024797634508206823
0.0024738111829939458
0.0024706800291496855
0.002462601820312438
0.0024554699072700803
0.002449027563401207
0.0024430370087291653
0.00243737178699871
0.0024343128257718893
0.0024266335796213068
0.002419852592249694
0.0024137219649607577
0.0024080176269267173
0.0024026189038955925
0.0023995603841493462
0.0023922720755449323
0.0023858278345018635
0.002379993400645819
0.0023745586642370253
0.0023694080471248213
0.0023662959528621963
0.0023593862377824792
0.0023532655108070566
0.0023477103354356266
0.0023425281271671206
0.0023376096692220294
0.002334404614240171
0.002327859948721367
0.0023220466838951292
0.002316757081638754
0.00231181196171093
0.0023071097950179142
0.0023037832254129142
0.0022975885816001185
0.0022920684332565777
0.0022870286250232796
0.0022823055807591475
0.0022778049001613287
0.002274341981492345
0.0022684803235912265
0.0022632374638114627
0.0022584325081425605
0.0022539162354794917
0.00224960425177817
0.002245995754820984
0.0022404508096100506
0.0022354678670441497
0.002230883751033641
0.002226561979896735
0.002224689802178381
0.0022186516140391133
0.00221341012368792
0.002208676652303565
0.0022043012383388128
0.0022001626966480226
0.0021979337334604443
0.0021922635578382477
0.0021873062521334252
0.0021828054548829745
0.002178624180239286
0.0021746555971210446
0.002172097561558839
0.0021667689634554677
0.0021620762974569607
0.0021577907696728182
0.0021537906225277403
0.0021499798572953144
0.0021471219107083717
0.0021421102719877405
0.0021376615809873267
0.0021335763352870463
0.002129743597138356
0.0021284028627368556
0.002122968249788859
0.002118243006400178
0.0021140166772943836
0.0021101134657932064
0.0021064345069093937
0.0021046564688838587
0.0020995664722985863
0.002095105047506929
0.0020910840650303353
0.002087350182535863
0.0020838141018147405
0.002081644459797416
0.0020768704325713205
0.0020726515104995125
0.0020688202706097836
0.002065242588601246
0.0020618394415116703
0.002059323065601304
0.0020548381869147647
0.002050841243464663
0.002047184989700357
0.002043750920692644
0.002042526074658324
0.0020376379110298437
0.002033420446381329
0.0020296303320245235
0.0020261362337982147
0.002022837134183164
0.002021125834781423
0.0020165692544621416
0.0020125943314712735
0.0020089921896032092
0.002005646412734041
0.002002470186510563
0.002000339674715579
0.001996081356885393
0.0019923258932686982
0.0019888934673759073
0.0019856826620956447
0.001982620552814507
0.001980131217614367
0.0019761396545827092
0.0019725815207315978
0.0019693038424871134
0.0019662178309182154
0.0019647729868548236
0.0019604766173099697
0.0019567206287248173
0.0019533380616387763
0.0019501985321057624
0.0019472249132226338
0.0019453425941535207
0.0019413303587041408
0.0019377848493261074
0.001934561608015084
0.001931548296304153
0.0019286775224547914
0.0019264216923212674
0.001922663438779837
0.0019193075008046012
0.001916226815476152
0.0019133285165258695
0.001912041500067907
0.0019079723147847338
0.0019044433231168445
0.0019012584252574571
0.0018983098202016713
0.0018955167137973405
0.0018937650205766987
0.0018899798982768834
0.0018866538544750622
0.0018836219196577964
0.0018807916301715188
0.001878094684243714
0.001875954680175096
0.00187241861005788
0.0018692721931697354
0.0018663771013958108
0.0018636538950301818
0.0018623909308838615
0.0018585886394897888
0.0018552688471420997
0.0018522799966028125
0.0018495068745507104
0.001846878684609865
0.0018451713036266026
0.001841631090638507
0.0018385015851554165
0.0018356532593147845
0.001832988506945299
0.0018304475472669668
0.0018283681536976903
0.0018250577773263887
0.0018220965714755288
0.0018193739839528766
0.00181680690279995
0.0018155184563379279
0.001811949739551011
0.0018088432087152717
0.0018060321982907301
0.0018034222775463737
0.0018009446184913402
0.001799219002354191
0.0017959025512176985
0.0017929743742657323
0.0017902963601526545
0.0017877862202095862
0.0017868905182320538
0.0017833125793020321
0.0017802119184506804
0.0017774373671765598
0.0017748745848118475
0.001772454415016167
0.001771078674010551
0.0017677621394482368
0.0017648486099396399
0.0017622098401434139
0.001759749779760622
0.0017574101438500023
0.001755636214178402
0.0017525464269327884
0.0017497969464958518
0.0017472774423779036
0.001744909163002406
0.00174386862872411
0.0017405324915106268
0.0017376425091168435
0.0017350370607073229
0.001732624033472352
0.001730338268900844
0.001728846470940737
0.0017257563151807376
0.001723038189236914
0.0017205588757158163
0.001718239799895771
0.001716027794563646
0.0017141666405832146
0.0017112881356493026
0.0017087192873053714
0.0017063497614800416
0.0017041137635485093
0.0017028906295111224
0.001699811616735547
0.0016971131053994393
0.0016946713595873408
0.0016923974734132652
0.0016902353252369884
0.0016886157325262663
0.0016857537362654496
0.0016832091034661434
0.0016808787426818017
0.0016786887842286657
0.0016777306551897797
0.0016746432871777017
0.0016719689397065585
0.0016695597735412737
0.001667327488920456
0.0016652140939313886
0.0016638167455603758
0.001660961654556814
0.0016584488984160428
0.001656155534924042
0.0016540107606978771
0.0016519633525006183
0.0016502103259114498
0.001647552833784427
0.0016451780558562334
0.0016429859184516893
0.001640917135178721
0.0016397311213883214
0.0016368932432910266
0.001634402854260919
0.0016321456248311605
0.0016300412617366034
0.0016280387762255821
0.001626476915260966
0.0016238405953613033
0.0016214917833666798
0.0016193370712923039
0.0016173087806152786
0.001616329356494861
0.0016134935878794887
0.001611029905243977
0.0016088050394792441
0.0016067402134196662
0.0016047804892507789
0.0016033926869769566
0.0016007702750545083
0.0015984543414827024
0.0015963347574978193
0.0015943483516627222
0.0015935553795540236
0.001590737271662146
0.0015882931070137496
0.0015861010387886454
0.0015840722895887338
0.0015821531576308279
0.0015809355274723491
0.0015783335408331434
0.0015760411262434326
0.001573955442970676
0.0015720062463823181
0.0015701465547394156
0.0015685848375620592
0.001566165576661338
0.001564001032205553
0.0015620084055718575
0.0015601279990498096
0.0015590685872077792
0.001556477875739204
0.0015542143465109293
0.0015521608173419965
0.001550248531641485
0.0015484281374320008
0.0015470025938762455
0.0015446027148409147
0.0015424713957520875
0.001540513365946683
0.001538670048631341
0.001537754708965
0.0015351878303113686
0.0015329474376484242
0.0015309265743705391
0.0015290489819281272
0.0015272665809172303
0.001525973066393016
0.0015235980278661132
0.0015214921431223605
0.001519566579769982
0.001517759004883934
0.0015169832606289346
0.0015144270120698855
0.0015122148609428288
0.0015102245870831643
0.0015083814632748105
0.001506634751885061
0.0015054597698934136
0.0015031043966227675
0.0015010300891863948
0.0014991370378811264
0.001497364180590377
0.0014967117750827041
0.0014941809424086072
0.001491992236316242
0.0014900325486515431
0.0014882221198256884
0.0014865106669646466
0.0014854506016502844
0.0014831205912168577
0.0014810707347738261
0.0014792089786010987
0.0014774690637847088
0.0014758104631079627
0.0014744231067722602
0.001472260725950969
0.0014703286642689384
0.0014685497379963164
0.0014668723174798837
0.0014659186940603197
0.0014636060081011926
0.0014615862734254637
0.0014597545420995117
0.001458047637812654
0.0014564224412929594
0.001455126898926018
0.0014529894119780784
0.001451088128986644
0.0014493411976133075
0.0014476951875186939
0.001446835701803928
0.0014445526121457664
0.0014425580443772068
0.0014407562784279349
0.0014390806767490272
0.001437488210651705
0.0014362824367590843
0.001434172187981253
0.0014322982077413227
0.0014305806224509388
0.0014289664177998262
0.0014281971206939192
0.0014259334987703487
0.0014239686177718869
0.0014221959572561227
0.001420551143381521
0.0014189899895823976
0.0014178627581464265
0.0014157764712307563
0.0014139329478930485
0.001412245765420761
0.0014106624705376158
0.001409972203055776
0.0014077383055196568
0.0014057990376881713
0.0014040555968291013
0.001402440443406261
0.0014009101458984374
0.0013998584631465527
0.0013978005988535824
0.0013959836377135382
0.0013943250420779818
0.0013927708110482717
0.0013921559661261296
0.0013899432640800402
0.0013880338369532952
0.0013863182015180775
0.0013847321604616436
0.0013832316379894238
0.0013822457006751887
0.0013802128084774434
0.001378425860708632
0.001376797209160452
0.0013752723782031184
0.0013747214299881239
0.0013725403770963318
0.0013706555317820612
0.00136896926845953
0.0013674127730472496
0.0013659399608442757
0.0013650183518171266
0.0013630152465156087
0.0013612538231658755
0.001359652316973714
0.0013581561304518153
0.0013567285111404925
0.001355511529510578
0.0013536558352096328
0.001351996206287398
0.0013504660525961998
0.001349022250489329
0.0013481579122753273
0.0013461789151274495
0.0013444464187412075
0.0013428721547616984
0.0013414038866622624
0.0013400047357204903
0.001338838101494988
0.0013370093679334616
0.0013353786559651692
0.0013338777591364037
0.0013324605091894481
0.001331645020664296
0.0013296979717178359
0.001327991829198516
0.0013264457159364862
0.0013250043136782685
0.0013236321560680664
0.0013225165481136059
0.001320716642528419
0.001319111933141437
0.0013176372151534888
0.0013162471988830138
0.0013154775498857019
0.001313555784321463
0.0013118791078632341
0.0013103595730331041
0.0013089445492013851
0.0013075991081585858
0.0013065240338634432
0.001304752037015744
0.0013031764555225256
0.0013017283981590078
0.0013003642752453803
0.001299634229706026
0.0012977444295187435
0.001296094041174034
0.0012946019030342648
0.0012932133531197154
0.0012918928115358552
0.0012908596630759606
0.0012891168493697758
0.0012875672659949933
0.0012861448397740727
0.0012848067422545628
0.001284112024940387
0.0012822483583562194
0.001280627250137334
0.0012791615507173337
0.0012777979506562454
0.0012765030107382835
0.0012755032022797042
0.0012737878096372723
0.0012722665742596062
0.0012708710539864887
0.0012695573018950412
0.0012688912827086285
0.0012670615165765176
0.0012654662446288656
0.0012640270198717163
0.0012626889403467012
0.00126141778283817
0.0012604517991647302
0.0012587663204576272
0.001257270649704545
0.001255898753289908
0.0012546101141867605
0.0012539713915534212
0.0012521684758513008
0.0012506024292153195
0.0012491885644211886
0.0012478753631482986
0.001246628657413762
0.0012456873947077618
0.0012440304195293073
0.001242562264294922
0.00124121678512229
0.0012399523276344637
0.0012393332731498452
0.0012375646959584818
0.0012360246662319607
0.0012346368897128146
0.0012333486213050304
0.0012321242926009446
0.001231209367245245
0.0012295817275668197
0.0012281391149576715
0.0012268179787716105
0.0012255759341413541
0.001224976078315565
0.0012232359478357435
0.0012217248413718407
0.001220362078922843
0.0012190965915854224
0.0012178956360003323
0.0012169994868021505
0.0012154006446792875
0.0012139852556076192
0.0012126888908294275
0.0012114701683069162
0.0012108832754198495
0.001209177525954619
0.0012076927488272604
0.0012063550723524497
0.0012051134284511988
0.0012039341569885509
0.0012030575875793814
0.001201488671594586
0.0012000978609215673
0.0011988251400781857
0.0011976292547530853
0.0011970547413701627
0.0011953768169064571
0.001193920878181487
0.0011926077521511314
0.001191389130284215
0.0011902316771501553
0.0011893685436922818
0.0011878275915446768
0.001186464401974452
0.0011852154953995164
0.00118404179413234
0.0011834738385301802
0.0011818299913235464
0.0011804000417262595
0.0011791113059058111
0.0011779156279989045
0.0011767791284389983
0.0011759305736241954
0.001174419782154712
0.0011730802250974337
0.001171853549569779
0.001170701940176544
0.0011701396259334862
0.0011685254502751263
0.0011671234124192575
0.0011658588395023761
0.0011646846094417462
0.0011635700876130306
0.0011627288908029332
0.0011612467530671688
0.0011599335977171554
0.0011587313098171403
0.0011576002031132848
0.0011570385867329946
0.0011554586686216006
0.0011540831382566008
0.001152842687979827
0.0011516902166798237
0.0011505954934787344
0.0011497639674095117
0.001148311305085692
0.0011470224184615407
0.0011458414543346618
0.0011447313260102288
0.001144170969588021
0.0011426199047339103
0.0011412721992792307
0.0011400552235295014
0.0011389244167680501
0.001137849323043616
0.0011370209868706294
0.001135597107663977
0.0011343343032940711
0.0011331756197596743
0.001132086203297522
0.0011315226108752907
0.0011300058677069513
0.0011286838931302556
0.001127489633003298
0.0011263799753878367
0.0011253245636236864
0.0011245013600503784
0.0011231066884928587
0.001121867660237863
0.001120730761926314
0.001119661025433094
0.001119093440535457
0.001117606127160109
0.0011163114855471945
0.0011151403541834748
0.0011140506595946897
0.001113015079088897
0.0011121912195966588
0.0011108249542605142
0.0011096112775301203
0.0011084964381687934
0.001107446281468527
0.0011068713906719485
0.001105417666784958
0.0011041478699505003
0.001103000129724696
0.0011019304827425414
0.0011009131171485498
0.0011000917750109696
0.0010987537718052942
0.001097563236973187
0.0010964688717011728
0.0010954379067312225
0.0010948555535668092
0.001093431594726746
0.0010921883805487531
0.001091062716736535
0.0010900133266475431
0.001089014550695988
0.0010881904114931618
0.001086880322689443
0.0010857137244419945
0.0010846410402333695
0.0010836283726274876
0.0010830361574164504
0.0010816445495878124
0.0010804270896478951
0.0010793223565684351
0.0010782928640483136
0.0010773117383757191
0.0010764861534547365
0.0010752046239035362
0.0010740605567882144
0.0010730074416667734
0.0010720141053287557
0.0010714119084469509
0.001070049985606114
0.001068857171066917
0.0010677751862294693
0.0010667637416630904
0.0010658002222452279
0.0010649695879713095
0.001063716073339882
0.001062595921885623
0.0010615631558577032
0.0010605867715302586
0.0010599725218857214
0.0010586421770593657
0.0010574745253319473
0.0010564130782423908
0.0010554209169404416
0.0010550645611048792
0.0010536388393975749
0.0010524126930829825
0.0010513147294883285
0.0010503018168074307
0.0010493439179823372
0.001048715090197827
0.0010474147543982348
0.0010462717718918713
0.0010452316371021841
0.0010442579480756664
0.0010438786260899002
0.0010424889677810856
0.0010412889174539752
0.0010402139059230708
0.0010392196564711909
0.0010382784196744654
0.001037638384899342
0.0010363683864169637
0.0010352489113035768
0.0010342285482523028
0.0010332726865981967
0.0010328706576925861
0.0010315123486291933
0.0010303398559370347
0.0010292863286514575
0.0010283104939520227
0.0010273866548821675
0.0010267311397920698
0.0010254903953583194
0.0010243952169524118
0.0010233956525880217
0.0010224572807991938
0.001022031159945258
0.0010207078372811984
0.0010195603942808606
0.0010185281686222458
0.0010175714852830309
0.0010166635449401218
0.0010159952688940654
0.0010147833895111646
0.0010137116152168502
0.001012730307658749
0.001011809035502076
0.0010113599254986672
0.001010067716625096
0.0010089461365849761
0.0010079354803944063
0.0010069958065801465
0.0010061046129377083
0.0010054205689304374
0.0010042371610302636
0.0010031874366835392
0.0010022264302566586
0.0010013222760202334
0.0010008481429188976
0.0009995899010635245
0.0009984929438795476
0.000997501828733427
0.0009965808010931054
0.0009957048420716208
0.000995007493806932
0.000993852438652132
0.0009928247935365175
0.000991881690518892
0.00099099364535421
0.0009904966291925943
0.0009892678968204116
0.0009881963592220933
0.000987225958868354
0.0009863216961680243
0.0009854612064515433
0.0009847478480128347
0.000983619238518696
0.000982614677055904
0.0009816901808285539
0.0009808181642819158
0.0009802968635988507
0.0009791001519924847
0.0009780521312288126
0.000977101104026712
0.0009762143278048696
0.0009753684694666642
0.000974641608059712
0.0009735401472190097
0.000972556481346698
0.0009716495633040889
0.0009707928199484961
0.000970248747434066
0.0009690809033772729
0.000968056638880499
0.0009671253513423017
0.0009662543351234287
0.0009659293001681446
0.0009646822453636128
0.0009636065776207348
0.0009626441017837051
0.0009617547075232435
0.0009609131137420235
0.0009603469285920929
0.0009592092494296045
0.0009582072991025092
0.000957294135666531
0.0009564393471602761
0.0009560820848332763
0.0009548664323618672
0.0009538174666421373
0.0009528744181649951
0.0009520021454699767
0.0009511756682588635
0.000950585408791671
0.0009494764797271515
0.00094849726182894
0.0009476032585929439
0.0009467636742852004
0.0009463729066759852
0.000945191859885508
0.0009441666226032153
0.0009432439556940064
0.0009423886249711466
0.0009415764482047506
0.0009409655132058825
0.0009398841582182182
0.0009389269520579946
0.0009380502121291157
0.0009372262495266903
0.0009368037812560459
0.0009356529498286137
0.0009346528251510944
0.000933749972132969
0.0009329104733621918
0.0009321128578257398
0.0009314792507181258
0.000930424794014062
0.0009294892472933025
0.0009286309737891463
0.0009278211938580916
0.0009273687364750316
0.0009262489608549695
0.0009252725341791779
0.00092438821625207
0.0009235646579187629
