0.6838919520378113
0.6741055846214294
0.4110585153102875
0.15231432020664215
0.12855008244514465
0.12350013852119446
0.11898944526910782
0.1157108023762703
0.11398068070411682
0.11235406994819641
0.11026512086391449
0.1083221286535263
0.10652422904968262
0.10484304279088974
0.10356120020151138
0.10204984247684479
0.10085964947938919
0.0994713231921196
0.09813699871301651
0.09706703573465347
0.09603003412485123
0.09502284973859787
0.09404423832893372
0.09291297942399979
0.09199170768260956
0.09092795848846436
0.08989619463682175
0.08905532211065292
0.08808232843875885
0.08713700622320175
0.0862191841006279
0.08532755821943283
0.08446094393730164
0.08361823856830597
0.08279833197593689
0.08200043439865112
0.08135244995355606
0.08059291541576385
0.07997666299343109
0.07937466353178024
0.07878585904836655
0.07809072732925415
0.0775289312005043
0.07686421275138855
0.07632812857627869
0.07580366730690002
0.075289785861969
0.07467743754386902
0.07407853752374649
0.07349307090044022
0.0730244517326355
0.07256530970335007
0.07201366871595383
0.07147348672151566
0.07104304432868958
0.07062097638845444
0.07011064887046814
0.06970497965812683
0.06930696964263916
0.06882365792989731
0.068349689245224
0.06788519024848938
0.06751834601163864
0.06707057356834412
0.06671737879514694
0.06628500670194626
0.06594465672969818
0.06561019271612167
0.06528114527463913
0.06495727598667145
0.06463843584060669
0.06432461738586426
0.064015693962574
0.0637115016579628
0.06333459913730621
0.0630403608083725
0.06275083869695663
0.06239085644483566
0.062110576778650284
0.06176159530878067
0.06149040162563324
0.06122340261936188
0.060889411717653275
0.06056063249707222
0.060306355357170105
0.059987474232912064
0.05967342481017113
0.05943118780851364
0.059126291424036026
0.05882604047656059
0.05859507620334625
0.058367304503917694
0.05807909369468689
0.05785771831870079
0.05763937160372734
0.057423800230026245
0.05714993551373482
0.0568799152970314
0.05667348578572273
0.056410714983940125
0.05621004104614258
0.05595404654741287
0.05570150166749954
0.05550919100642204
0.05531933531165123
0.055075980722904205
0.05483588948845863
0.0545990876853466
0.05436554551124573
0.054188523441553116
0.05401363968849182
0.05384068563580513
0.05366961285471916
0.05344883352518082
0.05328185111284256
0.053066205233335495
0.05285324528813362
0.05269259586930275
0.05248454958200455
0.052327707409858704
0.05212438106536865
0.05192350596189499
0.05177243426442146
0.05162302404642105
0.05147509649395943
0.05128240957856178
0.05113771930336952
0.050949160009622574
0.05080774053931236
0.05062319338321686
0.05048489570617676
0.050348054617643356
0.05021248385310173
0.05007822811603546
0.04994521662592888
0.049770861864089966
0.04964059218764305
0.049469780176877975
0.04934224113821983
0.04921598359942436
0.04905005171895027
0.04888578876852989
0.048723459243774414
0.048562899231910706
0.04840409383177757
0.048247095197439194
0.048130400478839874
0.04797642305493355
0.04782404378056526
0.047673292458057404
0.04752413183450699
0.04741351678967476
0.04726723954081535
0.04715873301029205
0.04705123230814934
0.04694460332393646
0.04680318757891655
0.0466984361410141
0.046559568494558334
0.04642200469970703
0.046285826712846756
0.04615097492933273
0.04601750522851944
0.045885369181632996
0.045787833631038666
0.045691076666116714
0.04556218534708023
0.04543452337384224
0.045308083295822144
0.045214857906103134
0.045090582221746445
0.04499896243214607
0.04487677663564682
0.04475563392043114
0.044666435569524765
0.0445779524743557
0.04449012503027916
0.04440290108323097
0.044316306710243225
0.04423031955957413
0.0441448912024498
0.0440601222217083
0.043975915759801865
0.043892260640859604
0.04380921274423599
0.04372671991586685
0.04364478588104248
0.04353494569659233
0.043425992131233215
0.04334602504968643
0.04323882982134819
0.04316011816263199
0.043054547160863876
0.04297705739736557
0.042872991412878036
0.04276979714632034
0.042694151401519775
0.04259251058101654
0.04251799359917641
0.04241785407066345
0.04231847822666168
0.04221991449594498
0.04214775189757347
0.04205067828297615
0.041979528963565826
0.041883789002895355
0.04181372746825218
0.04174411669373512
0.04167485237121582
0.04158160835504532
0.04148902744054794
0.041421301662921906
0.041354045271873474
0.04126330837607384
0.04119691997766495
0.0411074198782444
0.04104194790124893
0.04097688943147659
0.04088908061385155
0.04082486405968666
0.04073822498321533
0.04065219685435295
0.040589332580566406
0.04050449654459953
0.04044244810938835
0.04038079455494881
0.040297504514455795
0.04023664817214012
0.040176138281822205
0.04011591523885727
0.040034614503383636
0.039953816682100296
0.039873600006103516
0.039815034717321396
0.039735861122608185
0.03967800363898277
0.03962051495909691
0.03954276069998741
0.03948593884706497
0.03940915688872337
0.03935302793979645
0.039297208189964294
0.039241690188646317
0.03918645530939102
0.039111748337745667
0.03903749957680702
0.03896376118063927
0.038909923285245895
0.038837090134620667
0.03878389298915863
0.03873100131750107
0.03865937143564224
0.038607049733400345
0.03853628784418106
0.03848457708954811
0.03843313083052635
0.038363512605428696
0.038294315338134766
0.03824377432465553
0.03819352760910988
0.03814348950982094
0.038075752556324005
0.0380084402859211
0.03794155642390251
0.037892717868089676
0.037826597690582275
0.03776088356971741
0.03769555687904358
0.037630654871463776
0.03756619244813919
0.03750211000442505
0.037438422441482544
0.03737514093518257
0.03732889145612717
0.037282880395650864
0.03722057864069939
0.037158627063035965
0.03711334615945816
0.037068307399749756
0.03702346608042717
0.036978818476200104
0.03691836819052696
0.03685824200510979
0.036814287304878235
0.03675481677055359
0.036711305379867554
0.03666800260543823
0.036624908447265625
0.03658197075128555
0.03652387484908104
0.03648136183619499
0.03642381727695465
0.036366622895002365
0.03630976751446724
0.03626813367009163
0.036226674914360046
0.036185406148433685
0.036144331097602844
0.036103419959545135
0.03604806214570999
0.03600751981139183
0.0359671451151371
0.03592692315578461
0.03588690608739853
0.03584704175591469
0.03579312190413475
0.03575361892580986
0.0357142873108387
0.03567510470747948
0.03562212362885475
0.03558330610394478
0.03554463014006615
0.03549235686659813
0.03545405715703964
0.03541591763496399
0.035364337265491486
0.0353265106678009
0.035275477916002274
0.035224635154008865
0.03518732637166977
0.035136982798576355
0.035100024193525314
0.0350632481276989
0.03501354902982712
0.03497707471251488
0.03492783382534981
0.03489168360829353
0.034842900931835175
0.034794311970472336
0.034758638590574265
0.03472311049699783
0.03467521071434021
0.0346275232732296
0.03459247201681137
0.03455757349729538
0.03452277183532715
0.03447587043046951
0.03444135561585426
0.03440696373581886
0.03436064347624779
0.034326549619436264
0.03428063169121742
0.03423492982983589
0.03418944031000137
0.03415593132376671
0.03411083668470383
0.034077636897563934
0.034032970666885376
0.03398844227194786
0.0339556485414505
0.03392300009727478
0.03389042988419533
0.03384660929441452
0.03381432965397835
0.03377088904380798
0.03373884782195091
0.03369574248790741
0.03365286439657211
0.03361017629504204
0.033567674458026886
0.03353631868958473
0.03349421173334122
0.03345225006341934
0.03342127427458763
0.03339042142033577
0.03335965797305107
0.03332900255918503
0.033298444002866745
0.03326798975467682
0.03323763608932495
0.03319688141345978
0.03315628692507744
0.033126287162303925
0.03309640660881996
0.03306659683585167
0.033026617020368576
0.03299702703952789
0.032967548817396164
0.032928019762039185
0.03288863226771355
0.03284941986203194
0.03282038867473602
0.03278147801756859
0.032752685248851776
0.03271407634019852
0.032685451209545135
0.03265693411231041
0.03261877968907356
0.03259047120809555
0.0325525663793087
0.03251481056213379
0.0324772410094738
0.03244934603571892
0.032421547919511795
0.03239385038614273
0.032366249710321426
0.032338697463274
0.0323018841445446
0.032274555414915085
0.03224727883934975
0.032220106571912766
0.03218376263976097
0.03214758634567261
0.03212069720029831
0.032093875110149384
0.032058075070381165
0.03203144669532776
0.03200490400195122
0.031969454139471054
0.03194309398531914
0.031907908618450165
0.03187285363674164
0.03184676542878151
0.031811948865652084
0.03177729621529579
0.031742773950099945
0.03171703964471817
0.03168274462223053
0.031648602336645126
0.03162314370274544
0.03158926963806152
0.03156399354338646
0.031530290842056274
0.03149672597646713
0.03147171437740326
0.031446799635887146
0.03141358867287636
0.03138047084212303
0.03134748712182045
0.0313146747648716
0.03129015117883682
0.03126568719744682
0.031233178451657295
0.031200774013996124
0.031176550313830376
0.03114440105855465
0.031120318919420242
0.0310963187366724
0.031064458191394806
0.031032701954245567
0.031008943915367126
0.03098524548113346
0.0309537835419178
0.0309224221855402
0.03089122287929058
0.03086783178150654
0.03083678148686886
0.03080586902797222
0.03077508881688118
0.03075200505554676
0.030728979036211967
0.030698474496603012
0.030675604939460754
0.030645284801721573
0.030615054070949554
0.03059237264096737
0.03056236542761326
0.03053983300924301
0.030510002747178078
0.0304802767932415
0.03045065701007843
0.030428390949964523
0.030398964881896973
0.030369630083441734
0.03034757450222969
0.03032558038830757
0.03029649890959263
0.03026752732694149
0.030245719477534294
0.030223973095417023
0.030202295631170273
0.030173666775226593
0.030152099207043648
0.030123639851808548
0.03009526990354061
0.030073877424001694
0.030045662075281143
0.030024414882063866
0.02999640256166458
0.02997526153922081
0.029954174533486366
0.029926396906375885
0.029898686334490776
0.029877781867980957
0.029856937006115913
0.029836155474185944
0.029815418645739555
0.029794707894325256
0.029767435044050217
0.02974683605134487
0.02971973456442356
0.02969271130859852
0.029672304168343544
0.029651930555701256
0.02962516061961651
0.029604926705360413
0.02957829274237156
0.02955174259841442
0.029525285586714745
0.029498914256691933
0.02947896718978882
0.029452741146087646
0.0294328760355711
0.029406806454062462
0.029380809515714645
0.029354894533753395
0.029335273429751396
0.029315689578652382
0.029290007427334785
0.02927052043378353
0.029251059517264366
0.029231678694486618
0.02921235002577305
0.02918696217238903
0.029167694970965385
0.029148487374186516
0.029129305854439735
0.029104184359312057
0.029079163447022438
0.02905421517789364
0.029035232961177826
0.02901630848646164
0.02899743802845478
0.028972746804356575
0.028953945264220238
0.028929388150572777
0.028904899954795837
0.028886253014206886
0.028861893340945244
0.028843333944678307
0.028819115832448006
0.02879495359957218
0.028770852833986282
0.028746839612722397
0.028728535398840904
0.028710277751088142
0.02869206666946411
0.028673894703388214
0.028650179505348206
0.02863207831978798
0.028614016249775887
0.028596024960279465
0.02857804298400879
0.028560083359479904
0.028536716476082802
0.028513383120298386
0.028490135446190834
0.02846696600317955
0.028449244797229767
0.02842617593705654
0.02840856835246086
0.02838563174009323
0.02836274728178978
0.028345249593257904
0.028327785432338715
0.028310386463999748
0.028293000534176826
0.028270386159420013
0.02825308032333851
0.0282305758446455
0.028208142146468163
0.028190961107611656
0.02817380614578724
0.028151534497737885
0.028134481981396675
0.028117453679442406
0.02810044400393963
0.028078369796276093
0.028056379407644272
0.028034444898366928
0.028012560680508614
0.027995750308036804
0.027973977848887444
0.027952266857028008
0.027935588732361794
0.027913996949791908
0.0278924573212862
0.027875900268554688
0.027854453772306442
0.027833066880702972
0.02781662531197071
0.02780020982027054
0.02778383158147335
0.027767494320869446
0.027751190587878227
0.027734920382499695
0.02771386131644249
0.027692832052707672
0.027676675468683243
0.027660569176077843
0.027644464746117592
0.027628380805253983
0.027607616037130356
0.027591601014137268
0.027570927515625954
0.027550311759114265
0.02752973698079586
0.027513880282640457
0.02749805897474289
0.02748226560652256
0.027466509491205215
0.027446171268820763
0.027430443093180656
0.027414759621024132
0.02739912085235119
0.02738351747393608
0.02736794948577881
0.027352403849363327
0.027336880564689636
0.02732136659324169
0.02730589546263218
0.027285974472761154
0.027270568534731865
0.027250725775957108
0.027230925858020782
0.027215633541345596
0.02720038779079914
0.027180731296539307
0.02716110646724701
0.027145924046635628
0.027130775153636932
0.02711566910147667
0.027096226811408997
0.02708115242421627
0.027061792090535164
0.027046790346503258
0.027031807228922844
0.027012577280402184
0.026993386447429657
0.026974227279424667
0.02695516124367714
0.026936128735542297
0.026921341195702553
0.02690237946808338
0.02688346989452839
0.026868773624300957
0.026854101568460464
0.026835326105356216
0.02682073414325714
0.026802005246281624
0.026783334091305733
0.02676883526146412
0.026750244200229645
0.02673579566180706
0.02672138810157776
0.02670290879905224
0.026684479787945747
0.026670152321457863
0.026655832305550575
0.02664155513048172
0.026627302169799805
0.026609061285853386
0.0265948586165905
0.026576677337288857
0.026562537997961044
0.026548413559794426
0.026534318923950195
0.026516292244195938
0.026498302817344666
0.02648034691810608
0.02646636590361595
0.026448508724570274
0.026434581726789474
0.026416778564453125
0.026402896270155907
0.026389045640826225
0.026375215500593185
0.026357561349868774
0.026343785226345062
0.026326199993491173
0.02630867436528206
0.02629116177558899
0.02627369947731495
0.02625628188252449
0.02624267153441906
0.026225315406918526
0.026208002120256424
0.026190729811787605
0.026173502206802368
0.026156291365623474
0.02614283561706543
0.02612941898405552
0.026116017252206802
0.02609895169734955
0.026085609570145607
0.026068611070513725
0.026051640510559082
0.026038378477096558
0.026025129482150078
0.02600826695561409
0.02599506638944149
0.025978274643421173
0.02596152015030384
0.025944797322154045
0.025928102433681488
0.025915013626217842
0.0258984062820673
0.025885386392474174
0.025868838652968407
0.025855841115117073
0.02584289386868477
0.02582995407283306
0.025817012414336205
0.025804126635193825
0.02579125389456749
0.025774899870157242
0.02575857751071453
0.025742307305336
0.02572954073548317
0.025713322684168816
0.025700578466057777
0.025687841698527336
0.025675149634480476
0.025662483647465706
0.02564982697367668
0.02563718892633915
0.02562115341424942
0.025608571246266365
0.025596007704734802
0.02558007463812828
0.02556416764855385
0.025548307225108147
0.025535833090543747
0.025520017370581627
0.02550423890352249
0.025488505139946938
0.025472786277532578
0.025457115843892097
0.025444794446229935
0.02542918734252453
0.025413595139980316
0.025401325896382332
0.02538907341659069
0.02537357062101364
0.02535809390246868
0.025342661887407303
0.025327254086732864
0.025311892852187157
0.02529977262020111
0.025287652388215065
0.025275563821196556
0.02526349388062954
0.025251438841223717
0.02523624338209629
0.025221044197678566
0.025205889716744423
0.025193922221660614
0.02517884038388729
0.025166915729641914
0.025155015289783478
0.02513999119400978
0.02512498013675213
0.025110026821494102
0.02509508840739727
0.02508017234504223
0.025068404152989388
0.025053560733795166
0.02504180744290352
0.025027023628354073
0.02501531131565571
0.025000568479299545
0.024988897144794464
0.024974210187792778
0.02496258355677128
0.024950949475169182
0.024939363822340965
0.024927781894803047
0.02491622231900692
0.024904688820242882
0.024893147870898247
0.02487863600254059
0.024867121130228043
0.024855654686689377
0.024844221770763397
0.024829795584082603
0.024818358942866325
0.024803999811410904
0.02478966675698757
0.024775369092822075
0.02476401813328266
0.024752693250775337
0.024738449603319168
0.024727150797843933
0.024715881794691086
0.024701720103621483
0.024690475314855576
0.024679237976670265
0.02466513216495514
0.02465394139289856
0.024639923125505447
0.024625912308692932
0.024614762514829636
0.024600794538855553
0.024589689448475838
0.024575766175985336
0.024564694613218307
0.024553626775741577
0.02454257942736149
0.024531571194529533
0.024520574137568474
0.024509578943252563
0.02449580281972885
0.02448205091059208
0.024471115320920944
0.024457421153783798
0.024443749338388443
0.024430083110928535
0.024416478350758553
0.024402866140007973
0.024389268830418587
0.024375740438699722
0.024364948272705078
0.024354156106710434
0.024340659379959106
0.02432991750538349
0.02431647665798664
0.02430575154721737
0.024295039474964142
0.02428433857858181
0.024271003901958466
0.024260368198156357
0.0242497269064188
0.024236418306827545
0.024225808680057526
0.024212544783949852
0.024199314415454865
0.024188751354813576
0.024175560101866722
0.024165019392967224
0.024154501035809517
0.024141380563378334
0.024130886420607567
0.024120401591062546
0.024107353761792183
0.02409692108631134
0.024086495861411095
0.024076081812381744
0.024063093587756157
0.024052707478404045
0.024042349308729172
0.024032004177570343
0.024021655321121216
0.02401130087673664
0.024000972509384155
0.023990681394934654
0.023980390280485153
0.023967573419213295
0.023957330733537674
0.0239470936357975
0.023936858400702477
0.023924121633172035
0.02391139231622219
0.02389868162572384
0.023888522759079933
0.023878367617726326
0.023865729570388794
0.02385309897363186
0.023842979222536087
0.02383040450513363
0.023817844688892365
0.023805314674973488
0.023795263841748238
0.023785213008522987
0.023775186389684677
0.02376517839729786
0.0237527247518301
0.02374030277132988
0.023730333894491196
0.023717941716313362
0.02370557188987732
0.02369321882724762
0.02368331514298916
0.023673422634601593
0.023663530126214027
0.023653648793697357
0.023643789812922478
0.023633945733308792
0.023624105378985405
0.02361191064119339
0.023602096363902092
0.023592272773385048
0.023580117151141167
0.023567985743284225
0.02355824038386345
0.02354849874973297
0.02353641577064991
0.02352670580148697
0.023517001420259476
0.023507289588451385
0.023495282977819443
0.023483285680413246
0.023473629727959633
0.023463988676667213
0.023452041670680046
0.023442426696419716
0.02343282848596573
0.02342095598578453
0.02341136895120144
0.023399487137794495
0.023387638852000237
0.02337810769677162
0.02336631901562214
0.023356804624199867
0.023345043882727623
0.02333330363035202
0.02332381345331669
0.023314345628023148
0.02330491505563259
0.023295478895306587
0.023283811286091805
0.023272154852747917
0.023262763395905495
0.02325114607810974
0.023239534348249435
0.023230168968439102
0.02321859821677208
0.023209264501929283
0.0231977216899395
0.02318621054291725
0.023174718022346497
0.023165442049503326
0.02315617725253105
0.02314472384750843
0.02313327044248581
0.023121854290366173
0.023110469803214073
0.023099076002836227
0.023089883849024773
0.023080702871084213
0.023069359362125397
0.023060206323862076
0.023048916831612587
0.02303977869451046
0.023028502240777016
0.023019395768642426
0.023010291159152985
0.02299906685948372
0.022987864911556244
0.02297665923833847
0.022965487092733383
0.02295645698904991
0.02294742874801159
0.022938432171940804
0.02292943373322487
0.022918319329619408
0.022907234728336334
0.022896157577633858
0.022885119542479515
0.02287408523261547
0.022863058373332024
0.022852065041661263
0.022843169048428535
0.02283427119255066
0.022823326289653778
0.0228123776614666
0.02280351147055626
0.022794654592871666
0.022783761844038963
0.02277287468314171
0.0227640550583601
0.02275525964796543
0.022744417190551758
0.022733595222234726
0.0227248203009367
0.02271605096757412
0.02270527370274067
0.022696543484926224
0.02268579602241516
0.022675057873129845
0.022664343938231468
0.022655652835965157
0.02264496497809887
0.022636301815509796
0.02262565679848194
0.02261500619351864
0.02260635979473591
0.02259574458003044
0.022587129846215248
0.022576533257961273
0.02256595343351364
0.022555390372872353
0.022544853389263153
0.022534333169460297
0.022525787353515625
0.022517263889312744
0.022506773471832275
0.02249823696911335
0.02248777076601982
0.022479284554719925
0.022468850016593933
0.022460365667939186
0.02245190180838108
0.02244345284998417
0.02243500016629696
0.02242654748260975
0.022416196763515472
0.022405870258808136
0.022397449240088463
0.022389035671949387
0.022380651906132698
0.022372277453541756
