0.6931471805597412
0.6885035991271035
0.5253944632417749
0.4758327303721544
0.453182145093135
0.4362098604197075
0.4231702668629028
0.4129083292429917
0.40083387100814666
0.3918432495437059
0.38487579479430717
0.3767169399979851
0.3706099631275315
0.3658129415203738
0.3600909478468446
0.355698794789011
0.35054612239314015
0.34666849982120207
0.34460563252731935
0.3433891731812793
0.3422757202946954
0.3412532659393131
0.3398762418261408
0.33947512391890666
0.33689437496987257
0.3365918030873246
0.33464335027880104
0.3344079354378136
0.3328954973028718
0.3327051144790807
0.3315028238811454
0.3313453917205457
0.3303734531711108
0.33023862739773324
0.329691692976144
0.32953277122047336
0.31944666291130686
0.31876265275310717
0.318722696249455
0.31871671592431594
0.31871604856828795