0.6838919520378113
0.6741055846214294
0.2625786066055298
0.15602651238441467
0.13466423749923706
0.1176956444978714
0.10412818938493729
0.09317073225975037
0.07999258488416672
0.07012808322906494
0.06253703683614731
0.05376175418496132
0.04742354154586792
0.042633213102817535
0.03712666034698486
0.033111073076725006
0.02856915071606636
0.025390515103936195
0.024052288383245468
0.022944491356611252
0.02192138135433197
0.020974943414330482
0.02056458406150341
0.019147252663969994
0.017890403047204018
0.01659267023205757
0.015796279534697533
0.014608393423259258
0.014281442388892174
0.013025444000959396
0.013051949441432953
0.01173790916800499
0.0121980095282197
0.010674498043954372
0.010699952952563763
0.009927677921950817
0.010090495459735394
0.008830134756863117
0.008970673196017742
0.008334862068295479
0.008535792119801044
0.007759998552501202
0.008261159062385559
0.007261470891535282
0.008096184581518173
0.006829959340393543
0.007165719289332628
0.006501603871583939
0.007005967665463686
0.0061439392156898975
0.006334722973406315
0.005877845920622349
0.006180675234645605
0.005577065050601959
0.006133955903351307
0.005310750566422939
0.005535175558179617
0.005101125221699476
0.005470600910484791
0.004872273653745651
0.0054838815703988075
0.004670006688684225
0.004940884653478861
0.004497693385928869
0.004930964671075344
0.0043204957619309425
0.004507529083639383
0.004174239933490753
0.005088780075311661
0.00399941997602582
0.0040519279427826405
0.0038299215957522392
0.0043036602437496185
0.003460753010585904
0.0034997158218175173
0.003387155244126916
0.0034287231974303722
0.0032585025765001774
0.00354370241984725
0.002982578007504344
0.00321443984284997
0.002900451421737671
0.0032810065895318985
0.0028301659040153027
0.003009812906384468
0.0027581562753766775
0.0030564949847757816
0.002693096175789833
0.0031640389934182167
0.002636866644024849
0.0028630474116653204
0.0025692428462207317
0.0029449472203850746
0.002516444306820631
0.0026951890904456377
0.00245687086135149
0.002756432630121708
0.002407337771728635
0.0028695680666714907
0.002365797758102417
0.002593293786048889
0.0023081025574356318
0.002682461403310299
0.002268394688144326
0.0024508563801646233
0.0022174890618771315
0.002520246198400855
0.0021796629298478365
0.00232579349540174
0.0021344823762774467
0.002773793414235115
0.0021160782780498266
0.002167903818190098
0.002034276258200407
0.0026866428088396788
0.001926450990140438
0.001876060152426362
0.002039069077000022
0.0018394606886431575
0.0021105806808918715
0.0018170848488807678
0.0019500164780765772
0.0017845026450231671
0.0023549795150756836
0.0017826902912929654
0.0017444186378270388
0.0018620749469846487
0.0017151028150692582
0.0022278320975601673
0.0017126054735854268
0.0017552743665874004
0.0016521014040336013
0.0026734378188848495
0.0016096148174256086
0.0014985323650762439
0.0018947202479466796
0.001499062986113131
0.001531820627860725
0.0014536770759150386
0.0022206332068890333
0.001424851710908115
0.00133831228595227
0.0021733788307756186
0.0013408808736130595
0.0012478744611144066
0.002126478822901845
0.0012727496214210987
0.0011825207620859146
0.001515289768576622
0.0011923671700060368
0.001221390557475388
0.0011579219717532396
0.002353689866140485
0.0012206616811454296
0.0010866184020414948
0.0012864655582234263
0.0010864275973290205
0.0011871007736772299
0.00107376032974571
0.0012426014291122556
0.0010727739427238703
0.0011573155643418431
0.0010615779319778085
0.0014156342949718237
0.001077162567526102
0.0011093285866081715
0.0010418632300570607
0.002259665634483099
0.0011330648558214307
0.0009955735877156258
0.001202202751301229
0.0009973319247364998
0.0011021526297554374
0.000985505641438067
0.0011609160574153066
0.0009863493032753468
0.0010748166823759675
0.0009759618551470339
0.0011245578061789274
0.0009760477696545422
0.001050556660629809
0.0009668779093772173
0.0012792799388989806
0.000981837511062622
0.0010102634551003575
0.0009513009572401643
0.0020153361838310957
0.0010354522382840514
0.0009179689222946763
0.0010953748133033514
0.0009198513580486178
0.0010097628692165017
0.00091000139946118
0.0010607436997815967
0.000911070907022804
0.0009870080975815654
0.00090242107398808
0.0012177627068012953
0.0009190035634674132
0.000900633167475462
0.00109758204780519
0.0009033997193910182
0.001003726152703166
0.0008928353199735284
0.0010606307769194245
0.0008946886518970132
0.0009796699741855264
0.0008854411426000297
0.0010280562564730644
0.0008865224081091583
0.000958346005063504
0.0008784017409197986
0.001177484984509647
0.0008941833511926234
0.0009217429906129837
0.0008652847027406096
0.002643911400809884
0.001073832274414599
0.0008389101712964475
0.000861471111420542
0.0008151910733431578
0.0023376108147203922
0.0009847619803622365
0.0007916296599432826
0.0008097898098640144
0.0007867858512327075
0.0008705559303052723
0.0007783446344546974
0.0009187693358398974
0.0007803876651450992
0.0008515610243193805
0.0007730118813924491
0.0010657527018338442
0.0007900248165242374
0.0007729902281425893
0.000834721140563488
0.00076640909537673
0.0010230920743197203
0.0007807445945218205
0.00080450827954337
0.0007562066311948001
0.0022782706655561924
0.0009367388556711376
0.0007401320617645979
0.0007589368033222854
0.0007205581059679389
0.001987704075872898
0.000862356333527714
0.000704370264429599
0.0007191907498054206
0.0007004576618783176
0.0007686887984164059
0.0006936982390470803
0.0008081982377916574
0.000695494469255209
0.0007535239565186203
0.0006895866827107966
0.0009298123186454177
0.0007036342867650092
0.0006897675921209157
0.0008394803153350949
0.0006928155780769885
0.000769530946854502
0.000685382925439626
0.0008136347169056535
0.0006877019186504185
0.0007529918220825493
0.0006812337669543922
0.0007908025290817022
0.0006829462945461273
0.0007384394994005561
0.0006773010827600956
0.0009077530121430755
0.0006907374481670558
0.0007121780654415488
0.000668843335006386
0.00201984541490674
0.0008332077995873988
0.0006593570578843355
0.0006760653923265636
0.0006421605357900262
0.0017554310616105795
0.0007688639452680945
0.0006314074853435159
0.0007035448797978461
0.0006245975382626057
0.0007452385034412146
0.0006270427838899195
0.0006885801558382809
0.0006211269646883011
0.0007243934669531882
0.000623002415522933
0.0006754203350283206
0.0006178483599796891
0.0008346979157067835
0.0006308997981250286
0.0006184169324114919
0.0007534301257692277
0.0006214035674929619
0.000690596119966358
0.0006148748798295856
0.0007306914776563644
0.0006172177381813526
0.0006762940902262926
0.0006115425494499505
0.0007107403362169862
0.0006133331917226315
0.0006636267062276602
0.000608388741966337
0.0008170509827323258
0.0006209040875546634
0.0006403674487955868
0.0006011895602568984
0.0018124517519026995
0.0007509964052587748
0.0005958188557997346
0.0006107782246544957
0.0005805524997413158
0.001574652036651969
0.0006952365511097014
0.0005734640872105956
0.0006374372751452029
0.0005675309803336859
0.0006746164290234447
0.0005698424647562206
0.0006244801334105432
0.0005646994104608893
0.0006565144867636263
0.0005665008793585002
0.0006130851688794792
0.0005620241281576455
0.0007550677983090281
0.00057381292572245
0.0005918461829423904
0.0005556412506848574
0.00166874541901052
0.0006946127396076918
0.0005526007153093815
0.0005663285264745355
0.0005386816919781268
0.0020959803368896246
0.0007657106034457684
0.0005395115585997701
0.0005251339171081781
0.0005776428733952343
0.0005203094915486872
0.0006086330395191908
0.000522218004334718
0.0005671012331731617
0.0005180280422791839
0.0007034934242255986
0.0005296343006193638
0.0005190016236156225
0.00063420640071854
0.0005218438454903662
0.0005809176946058869
0.0005164805334061384
0.0006154969451017678
0.0005187750793993473
0.0005693052662536502
0.0005141310975886881
0.0005991504876874387
0.0005159548600204289
0.0005591086228378117
0.0005119238630868495
0.0006907409406267107
0.00052306754514575
0.0005128381890244782
0.0006236896151676774
0.0005155640537850559
0.0005723873618990183
0.0005104070878587663
0.0006057283608242869
0.0005125993629917502
0.0005611763335764408
0.000508133671246469
0.0005899214884266257
0.0005098729743622243
0.0005513413343578577
0.0005059973918832839
0.0006783211720176041
0.000516690721269697
0.000532760692294687
0.0005005860002711415
0.0014858233043923974
0.0006250852602533996
0.0004998143995180726
0.0005119382403790951
0.00048759180936031044
0.0018685448449105024
0.0006877734558656812
0.0004903521039523184
0.00047790122334845364
0.0005233710980974138
0.00047378192539326847
0.0005502871354110539
0.00047550463932566345
0.000514365965500474
0.0004719305143225938
0.0006330915493890643
0.00048209112719632685
0.0004971793387085199
0.00046703414409421384
0.0013917124597355723
0.0005845879786647856
0.00046752949128858745
0.00047885780804790556
0.00045616153511218727
0.0017367630498483777
0.0006434695678763092
0.0004602190456353128
0.0004486511752475053
0.0004908227128908038
0.0004448744293767959
0.0005159545107744634
0.0004465280508156866
0.0004826110089197755
0.00044325285125523806
0.0005932982312515378
0.0004527644196059555
0.00046677206410095096
0.00043880712473765016
0.001290702261030674
0.000547458475921303
0.0004399482859298587
0.000450369727332145
0.000437579263234511
0.0004841316258534789
0.000433457491453737
0.0005116148386150599
0.0004354005795903504
0.0004752921813633293
0.00043183795060031116
0.000595589866861701
0.0004425497609190643
0.0004330947995185852
0.00046760617988184094
0.0004299793508835137
0.0005737169994972646
0.0004391083784867078
0.00045250914990901947
0.00042576302075758576
0.0012432967778295279
0.0005298508913256228
0.00042709350236691535
0.00043704253039322793
0.00042483615106903017
0.0004692955990321934
0.00042091391514986753
0.0004956143093295395
0.0004227859899401665
0.00046090566320344806
0.0004193939967080951
0.0005761419888585806
0.00042964666499756277
0.000420612923335284
0.0004535751068033278
0.00041764858178794384
0.0005551560898311436
0.0004263850278221071
0.0004391721449792385
0.0004136493371333927
0.0017439702060073614
0.0006211153813637793
0.00042310068965889513
0.0004020770429633558
0.0015592530835419893
0.0005748194525949657
0.000408460182370618
0.0003978982276748866
0.00043632907909341156
0.00039452387136407197
0.0004593202320393175
0.0003961390466429293
0.0004290915676392615
0.00039322019438259304
0.000529915967490524
0.0004020767519250512
0.0003942728217225522
0.0004788409569300711
0.00039658238529227674
0.00044001187779940665
0.0003927979851141572
0.00046588602708652616
0.00039470510091632605
0.0004320389707572758
0.0003914294356945902
0.00045441612019203603
0.0003929886152036488
0.0004249752382747829
0.0003901547461282462
0.0005232007242739201
0.00039875326910987496
0.00041121148387901485
0.0003863917081616819
0.0011375687317922711
0.0004833756829611957
0.00038871943252161145
0.00039790666778571904
0.0003866508195642382
0.00042753867455758154
0.0003830891801044345
0.00045183877227827907
0.00038488477002829313
0.00042002255213446915
0.0003818015684373677
0.0005261010956019163
0.00039136558189056814
0.0003830298373941332
0.0004134032060392201
0.00038034742465242743
0.0005070781335234642
0.00038851634599268436
0.00040032900869846344
0.00037677903310395777
0.001588228391483426
0.0005666500655934215
0.0003866109764203429
0.0003674954641610384
0.0014163830783218145
0.0005243887426331639
0.0003742131812032312
0.00036469046608544886
0.0003992938727606088
0.0003616837493609637
0.00042012575431726873
0.0003631850704550743
0.0003929397789761424
0.000360577687388286
0.00048423639964312315
0.00036863950663246214
0.00038022230728529394
0.0003571576380636543
0.0015280797379091382
0.0005425392300821841
0.0003676178166642785
0.0003489278315100819
0.0013631582260131836
0.000502197362948209
0.00035624709562398493
0.00034694428904913366
0.0003807075263466686
0.0003440263099037111
0.0004010250268038362
0.00034552422584965825
0.00037458661245182157
0.0003429997304920107
0.00046367451432161033
0.00035094295162707567
0.00034403809695504606
0.0004186418664176017
0.00034614730975590646
0.000384500075597316
0.0003428478667046875
0.00040738293319009244
0.00034460346796549857
0.00037760555278509855
0.00034175673499703407
0.00039751699659973383
0.00034321669954806566
0.0003716156934387982
0.00034074444556608796
0.00045870503527112305
0.00034848888753913343
0.00034175129258073866
0.00041463272646069527
0.0003438060521148145
0.00038125496939755976
0.00034058597520925105
0.0004036310419905931
0.0003422958543524146
0.00037452857941389084
0.00033951186924241483
0.0003939251764677465
0.0003409307391848415
0.0003686400887090713
0.0003385219897609204
0.0004538813082035631
0.00034607609268277884
0.00035686488263309
0.0003353765932843089
0.0014247604412958026
0.0005076844245195389
0.00034548595431260765
0.00032819100306369364
0.0012698721839115024
0.00047017133329063654
0.0003352717903908342
0.0003266962885390967
0.0003578013856895268
0.0003240251971874386
0.0003766251902561635
0.000325421744491905
0.00035223463783040643
0.0003231045266147703
0.0004346453642938286
0.0003304534184280783
0.0003240808437112719
0.0003929333761334419
0.00032604188891127706
0.0003614402376115322
0.00032301456667482853
0.00038270687218755484
0.000324657914461568
0.00035520829260349274
0.00032203533919528127
0.00037371626240201294
0.0003233984753023833
0.0003496891586109996
0.0003211245348211378
0.00043062394252046943
0.0003283288097009063
0.0003385758609510958
0.00031817134004086256
0.0013500809436663985
0.00048161533777602017
0.0003280966484453529
0.00031173269962891936
0.0012037670239806175
0.00044639367843046784
0.0003187457041349262
0.0003106335934717208
0.0003400315763428807
0.0003081162285525352
0.00035781943006440997
0.000309444876620546
0.0003347503370605409
0.0003072638937737793
0.00041258594137616456
0.00031421915628015995
0.00032408570405095816
0.00030444865114986897
0.0012950270902365446
0.0004617795639205724
0.00031430184026248753
0.0002985601022373885
0.0011499895481392741
0.000427142163971439
0.00030547150527127087
0.00029773643473163247
0.0003257441858295351
0.00029534229543060064
0.000342663552146405
0.0002966184983961284
0.0003207439440302551
0.00029454665491357446
0.00039495539385825396
0.00030119120492599905
0.0003105913056060672
0.00029188019107095897
0.0012342693516984582
0.0004413252172525972
0.0003013761597685516
0.0002864659472834319
0.0010932270670309663
0.00040796800749376416
0.0002931310154963285
0.00028583520906977355
0.0003121171030215919
0.0002835726481862366
0.0003919585142284632
0.00029090791940689087
0.0002846195420715958
0.00030740443617105484
0.0002826632116921246
0.00037755980156362057
0.0002889450406655669
0.00029782374622300267
0.0002801549562718719
0.0011759625049307942
0.0004213527718093246
0.0002891970507334918
0.0002751733991317451
0.0010390696115791798
0.00038979179225862026
0.0002820648660417646
0.00027514249086380005
0.0002995644463226199
0.00027280705398879945
0.00037424173206090927
0.0002794538449961692
0.00027355243219062686
0.00033638361492194235
0.0002753935114014894
0.0002812800230458379
0.0002740499912761152
0.0003001352306455374
0.0002718254108913243
0.0003159607877023518
0.00027303624665364623
0.00029558606911450624
0.0002711141714826226
0.00036497085238806903
0.00027737952768802643
0.00027199959731660783
0.00032991732587106526
0.00027369277086108923
0.00030351104214787483
0.0002711692068260163
0.0003214493044652045
0.00027259605121798813
0.0002983554732054472
0.00027041308931075037
0.00031401991145685315
0.00027161071193404496
0.00029383107903413475
0.00026971427723765373
0.00036225662915967405
0.0002758869086392224
0.00028456354630179703
0.00026728969532996416
0.0011296996381133795
0.00040388506022281945
0.00027629933902062476
0.0002627202484291047
0.0009950115345418453
0.0003724881389643997
0.00026895105838775635
0.0002623909094836563
0.0002860544773284346
0.00026038254145532846
0.0003580192569643259
0.00026701463502831757
0.00026135548250749707
0.0003218060592189431
0.00026317479205317795
0.0002688450913410634
0.0002618927974253893
0.0002869711897801608
0.0002597681595943868
0.00030215969309210777
0.00026094348868355155
0.00028257290250621736
0.0002591018273960799
0.00034894736018031836
0.0002651180257089436
0.00025995736359618604
0.0003152598219458014
0.0002615910489112139
0.0002900941763073206
0.0002591798547655344
0.00030720391077920794
0.0002605535846669227
0.0002851735334843397
0.00025846844073385
0.0003000940487254411
0.0002596227277535945
0.000280874315649271
0.00025781651493161917
0.0003462849708739668
0.0002637371653690934
0.00027204345678910613
0.00025551379076205194
0.0010811139363795519
0.0003865423786919564
0.0002643389452714473
0.0002513163781259209
0.000952916860114783
0.0003566869127098471
0.0002574549289420247
0.00025116075994446874
0.00027381395921111107
0.00024924217723309994
0.00034268194576725364
0.0002555988321546465
0.00025018100859597325
0.0003079023153986782
0.00025191897293552756
0.0002573186648078263
0.00025068968534469604
0.0002745464153122157
0.00024867604952305555
0.000289081857772544
0.0002498089743312448
0.00027045223396271467
0.0002480614057276398
0.00033410851028747857
0.0002538365370128304
0.000248897384153679
0.0003019524156115949
0.00025047085364349186
0.00027779219090007246
0.0002481665287632495
0.00029426973196677864
0.0002494960790500045
0.00027315152692608535
0.0002474983048159629
0.0002875154314097017
0.0002486152807250619
0.0002690387482289225
0.00024688534904271364
0.0003319494426250458
0.0002525946474634111
0.00024770849267952144
0.0003001124132424593
0.00024926362675614655
0.0002762656076811254
0.0002469866303727031
0.00029256867128424346
0.00024829572066664696
0.00027162962942384183
0.0002463212877046317
0.0002857942308764905
0.000247419549850747
0.0002675570722203702
0.00024571295944042504
0.0003295917122159153
0.00025132985319942236
0.0002591877419035882
0.0002435428905300796
0.0010244539007544518
0.00036731676664203405
0.00025197703507728875
0.0002397044445388019
0.000907712266780436
0.0003401510766707361
0.000245696835918352
0.0002397051139269024
0.0002612819953355938
0.00023788165708538145
0.00032692536478862166
0.0002439599047647789
0.00023879017680883408
0.00029384283698163927
0.0002404621773166582
0.000245627568801865
0.00023929828603286296
0.0002621268795337528
0.0002373746974626556
0.000275990751106292
0.00023846035765018314
0.00025815845583565533
0.0002367928100284189
0.0003188221890013665
0.00024230800045188516
0.00023759847681503743
0.0002881235850509256
0.00023910474556032568
0.00026513569173403084
0.00023691153910476714
0.00028082416974939406
0.000238185326452367
0.00026072346372529864
0.00023628871713299304
0.0002744607045315206
0.00023736122238915414
0.0002568416530266404
0.00023571298515889794
0.0003168357361573726
0.00024116043641697615
0.0002365047112107277
0.0002864136768039316
0.00023799225164111704
0.00026369743864052
0.00023582375433761626
0.00027915689861401916
0.0002370808506384492
0.00025931786512956023
0.00023521004186477512
0.0002729136904235929
0.00023627503833267838
0.0002555567189119756
0.00023464685364160687
0.0003150211996398866
0.00024004332954064012
0.00024756710627116263
0.00023257810971699655
0.0009764115093275905
0.0003505200438667089
0.00024072611995507032
0.00022904975048732013
0.0008596989791840315
0.00032358538010157645
0.0002347424888284877
0.00022911667474545538
0.00024935658439062536
0.000227411714149639
0.0003112757985945791
0.00023312958364840597
0.0002282693749293685
0.0002800557413138449
0.00022984058887232095
0.00023469286679755896
0.0002287385577801615
0.0002501278358977288
0.00022693983919452876
0.0002631337847560644
0.00022796104894950986
0.0002464352292008698
0.00022639951203018427
0.0003034184919670224
0.00023158184194471687
0.00023879653599578887
0.0002244252391392365
0.0009368237224407494
0.00033717896440066397
0.00023226466146297753
0.0002211190585512668
0.0008258491288870573
0.00031164425308816135
0.0002266193478135392
0.00022123826784081757
0.00024055982066784054
0.0002196120040025562
0.00029967675800435245
0.0002250665274914354
0.00022043311037123203
0.0002698596508707851
0.0002219314919784665
0.0002474480716045946
0.000219788882532157
0.00026278436416760087
0.00022106354299467057
0.0002431879984214902
0.00021920792642049491
0.00025665268185548484
0.0002202871546614915
0.00023945477732922882
0.00021867874602321535
0.0002982344012707472
0.00022410597011912614
0.00021949686924926937
0.0002686345833353698
0.0002209896338172257
0.000246363808400929
0.00021886025206185877
0.00026166511815972626
0.00022012306726537645
0.0002421050303382799
0.00021827973250765353
0.00025550342979840934
0.00021935312543064356
0.0002384163235547021
0.00021775175991933793
0.0002967937325593084
0.00022313822410069406
0.0002185615448979661
0.0002673250564839691
0.00022004990023560822
0.0002452748594805598
0.00021793573978357017
0.0002605183399282396
0.00021919897699262947
0.00024108881189022213
0.0002173601242247969
0.00025439384626224637
0.00021842907881364226
0.0002373890019953251
0.0002168382634408772
0.0002955717209260911
0.00022219754464458674
0.0002176434500142932
0.0002662052575033158
0.0002191143430536613
0.0002441636461298913
0.00021701371588278562
0.0002592668461147696
0.0002182641183026135
0.0002399894001428038
0.00021644595835823566
0.0002532580401748419
0.00021750380983576179
0.00023632784723304212
0.00021592075063381344
0.0002939689438790083
0.00022123668168205768
0.00021671934518963099
0.0002648541994858533
0.0002181756863137707
0.00024301144003402442
0.00021609409304801375
0.0002579765277914703
0.00021733377070631832
0.00023886455164756626
0.00021552819816861302
0.0002519880945328623
0.00021657624165527523
0.00023521974799223244
0.0002150107320630923
0.00029238659772090614
0.0002202750474680215
0.0002158085844712332
0.00026362627977505326
0.00021726182603742927
0.0002419561642454937
0.00021518973517231643
0.0002568392374087125
0.000216422849916853
0.00023781661002431065
0.00021462798758875579
0.00025087298126891255
0.00021567258227150887
0.00023421572404913604
0.00021411573106888682
0.00029112803167663515
0.00021935481345281005
0.00021490271319635212
0.00026238453574478626
0.0002163419412681833
0.00024084087635856122
0.0002142897865269333
