0.6838919520378113
0.6741055846214294
0.6644918918609619
0.6550400257110596
0.6457516551017761
0.6366246342658997
0.6276534795761108
0.6188421845436096
0.610185444355011
0.6016847491264343
0.5933360457420349
0.5851359367370605
0.5770864486694336
0.5691816806793213
0.5614233613014221
0.5538065433502197
0.5463297963142395
0.5389928221702576
0.5317915678024292
0.5247241258621216
0.5177898406982422
0.5109857320785522
0.5043100714683533
0.4977591335773468
0.4913339912891388
0.4850282669067383
0.47884395718574524
0.4727778434753418
0.4668264389038086
0.46098974347114563
0.4552648365497589
0.4496486186981201
0.4441409111022949
0.4387396275997162
0.43344148993492126
0.42824578285217285
0.42315050959587097
0.4181540012359619
0.4132528603076935
0.4084474444389343
0.40373510122299194
0.39911407232284546
0.39458200335502625
0.39013782143592834
0.38578104972839355
0.38150840997695923
0.3773179352283478
0.3732096552848816
0.3691803514957428
0.36522966623306274
0.3613561689853668
0.35755738615989685
0.35383257269859314
0.35018017888069153
0.34659886360168457
0.3430863618850708
0.339643269777298
0.33626705408096313
0.33295533061027527
0.32970860600471497
0.32652491331100464
0.3234024941921234
0.32034042477607727
0.3173382878303528
0.31439390778541565
0.3115072250366211
0.30867576599121094
0.305899441242218
0.3031770586967468
0.3005063533782959
0.2978874444961548
0.29531899094581604
0.292800635099411
0.2903304398059845
0.28790783882141113
0.28553155064582825
0.2832011878490448
0.2809149920940399
0.27867332100868225
0.2764742970466614
0.2743171155452728
0.27220094203948975
0.2701253890991211
0.268089234828949
0.266091912984848
0.2641324996948242
0.2622101604938507
0.2603243887424469
0.25847411155700684
0.2566586136817932
0.25487780570983887
0.25312986969947815
0.2514149844646454
0.24973268806934357
0.24808092415332794
0.2464604377746582
0.24487009644508362
0.24330931901931763
0.24177750945091248
0.24027366936206818
0.23879794776439667
0.23734956979751587
0.2359272688627243
0.2345310002565384
0.2331605851650238
0.23181509971618652
0.23049397766590118
0.22919674217700958
0.2279227077960968
0.22667168080806732
0.22544331848621368
0.22423627972602844
0.22305136919021606
0.22188709676265717
0.2207440435886383
0.21962058544158936
0.21851688623428345
0.21743284165859222
0.2163676619529724
0.21532073616981506
0.21429206430912018
0.21328085660934448
0.2122870683670044
0.21131058037281036
0.21035021543502808
0.20940661430358887
0.2084786593914032
0.20756609737873077
0.2066689431667328
0.20578671991825104
0.20491904020309448
0.20406584441661835
0.20322637259960175
0.202400341629982
0.20158812403678894
0.20078852772712708
0.2000022679567337
0.19922807812690735
0.1984664648771286
0.19771669805049896
0.19697880744934082
0.19625210762023926
0.1955367922782898
0.1948324590921402
0.19413873553276062
0.19345587491989136
0.19278299808502197
0.1921202391386032
0.19146732985973358
0.19082416594028473
0.19019049406051636
0.18956607580184937
0.1889505386352539
0.18834370374679565
0.18774569034576416
0.18715615570545197
0.1865747720003128
0.18600153923034668
0.18543632328510284
0.18487879633903503
0.18432901799678802
0.1837862730026245
0.18325118720531464
0.18272295594215393
0.18220196664333344
0.18168742954730988
0.18117979168891907
0.1806786209344864
0.18018387258052826
0.1796952784061432
0.17921283841133118
0.17873643338680267
0.17826583981513977
0.1778007596731186
0.17734166979789734
0.17688794434070587
0.17643961310386658
0.17599637806415558
0.175558403134346
0.17512552440166473
0.17469744384288788
0.17427416145801544
0.173855721950531
0.1734418272972107
0.17303255200386047
0.1726277619600296
0.17222721874713898
0.17183086276054382
0.17143887281417847
0.1710508167743683
0.17066684365272522
0.17028680443763733
0.1699104905128479
0.16953794658184052
0.16916918754577637
0.16880394518375397
0.16844213008880615
0.16808396577835083
0.16772916913032532
0.16737759113311768
0.16702932119369507
0.16668424010276794
0.16634225845336914
0.1660032719373703
0.1656673401594162
0.1653343290090561
0.16500431299209595
0.1646769940853119
0.16435237228870392
0.16403059661388397
0.16371138393878937
0.1633949726819992
0.16308100521564484
0.16276958584785461
0.16246049106121063
0.16215381026268005
0.1618497520685196
0.1615476906299591
0.16124802827835083
0.16095057129859924
0.16065530478954315
0.16036219894886017
0.16007128357887268
0.1597822606563568
0.15949536859989166
0.15921062231063843
0.1589275747537613
0.15864649415016174
0.15836752951145172
0.15809011459350586
0.15781459212303162
0.15754099190235138
0.15726907551288605
0.15699882805347443
0.15673023462295532
0.15646329522132874
0.1561981588602066
0.15593452751636505
0.15567238628864288
0.15541188418865204
0.15515270829200745
0.15489529073238373
0.15463928878307343
0.15438462793827057
0.15413135290145874
0.15387959778308868
0.1536290943622589
0.15337999165058136
0.1531323343515396
0.1528858244419098
0.15264078974723816
0.1523967683315277
0.15215399861335754
0.151912659406662
0.15167243778705597
0.15143337845802307
0.1511954516172409
0.15095867216587067
0.15072304010391235
0.15048855543136597
0.15025505423545837
0.15002277493476868
0.14979144930839539
0.14956122636795044
0.1493319272994995
0.14910383522510529
0.1488766074180603
0.14865031838417053
0.1484251618385315
0.1482008844614029
0.14797748625278473
0.14775504171848297
0.14753353595733643
0.14731290936470032
0.14709320664405823
0.14687444269657135
0.14665654301643372
0.1464393436908722
0.14622315764427185
0.14600777626037598
0.14579324424266815
0.14557944238185883
0.14536641538143158
0.1451541781425476
0.14494287967681885
0.14473208785057068
0.14452223479747772
0.14431323111057281
0.14410488307476044
0.1438971608877182
0.1436903029680252
0.14348410069942474
0.1432785540819168
0.14307399094104767
0.14286968111991882
0.14266632497310638
0.14246360957622528
0.14226152002811432
0.14206013083457947
0.14185945689678192
0.14165934920310974
0.14145976305007935
0.14126120507717133
0.14106281101703644
0.1408652663230896
0.14066840708255768
0.14047202467918396
0.14027619361877441
0.14008116722106934
0.13988655805587769
0.13969255983829498
0.13949932157993317
0.1393064260482788
0.1391141563653946
0.1389225423336029
0.13873142004013062
0.13854071497917175
0.13835084438323975
0.13816140592098236
0.1379724144935608
0.13778401911258698
0.13759614527225494
0.13740883767604828
0.13722190260887146
0.13703572750091553
0.13684989511966705
0.13666461408138275
0.13647975027561188
0.13629545271396637
0.13611167669296265
0.13592836260795593
0.13574565947055817
0.13556325435638428
0.1353815346956253
0.13520020246505737
0.13501931726932526
0.13483870029449463
0.1346588432788849
0.1344793140888214
0.13430042564868927
0.13412176072597504
0.13394367694854736
0.13376593589782715
0.1335887610912323
0.13341203331947327
0.13323545455932617
0.1330597996711731
0.13288426399230957
0.13270920515060425
0.13253472745418549
0.13236050307750702
0.13218681514263153
0.13201351463794708
0.1318405717611313
0.13166804611682892
0.13149596750736237
0.13132429122924805
0.13115301728248596
0.13098232448101044
0.13081181049346924
0.13064192235469818
0.13047218322753906
0.13030306994915009
0.1301342397928238
0.1299658566713333
0.12979786098003387
0.12963025271892548
0.12946298718452454
0.12929607927799225
0.12912966310977936
0.12896351516246796
0.1287977695465088
0.12863242626190186
0.12846753001213074
0.12830297648906708
0.1281387358903885
0.1279749572277069
0.12781138718128204
0.12764833867549896
0.12748560309410095
0.1273232400417328
0.12716133892536163
0.12699972093105316
0.12683838605880737
0.12667742371559143
0.12651687860488892
0.12635670602321625
0.126196950674057
0.12603746354579926
0.12587833404541016
0.12571953237056732
0.12556108832359314
0.1254030466079712
0.12524524331092834
0.12508781254291534
0.12493085116147995
0.12477416545152664
0.12461786717176437
0.124461829662323
0.12430612742900848
0.12415070831775665
0.12399571388959885
0.12384108453989029
0.12368664890527725
0.12353269010782242
0.12337899953126907
0.12322566658258438
0.12307267636060715
0.12292002141475677
0.12276758253574371
0.12261541187763214
0.1224638968706131
0.12231244146823883
0.1221613883972168
0.12201056629419327
0.12186020612716675
0.12171007692813873
0.12156009674072266
0.1214107796549797
0.12126164883375168
0.12111276388168335
0.12096423655748367
0.1208159476518631
0.12066812813282013
0.1205204650759697
0.1203731968998909
0.12022623419761658
0.12007945775985718
0.11993318796157837
0.11978714913129807
0.1196412667632103
0.11949580162763596
0.11935071647167206
0.11920581758022308
0.11906136572360992
0.11891702562570572
0.11877311766147614
0.11862943321466446
0.11848606914281845
0.1183430477976799
0.11820034682750702
0.1180577203631401
0.11791562288999557
0.11777371168136597
0.11763206869363785
0.11749088764190674
0.11734986305236816
0.11720916628837585
0.11706872284412384
0.1169285923242569
0.11678876727819443
0.11664920300245285
0.11650988459587097
0.11637084186077118
0.11623212695121765
0.1160937249660492
0.11595547944307327
0.11581780016422272
0.11568016558885574
0.11554286628961563
0.11540590971708298
0.11526909470558167
0.11513267457485199
0.11499644070863724
0.11486051231622696
0.11472488939762115
0.11458951979875565
0.11445446312427521
0.11431968957185745
0.11418509483337402
0.11405079066753387
0.11391684412956238
0.11378317326307297
0.11364974826574326
0.11351645737886429
0.1133834719657898
0.11325087398290634
0.11311855912208557
0.11298639327287674
0.11285454779863358
0.11272289603948593
0.11259156465530396
0.11246062070131302
0.11232975870370865
0.11219920217990875
0.1120690256357193
0.1119389459490776
0.11180928349494934
0.1116797924041748
0.11155059933662415
0.11142159253358841
0.11129282414913177
0.11116436868906021
0.11103611439466476
0.11090830713510513
0.11078056693077087
0.1106531023979187
0.1105259582400322
0.11039912700653076
0.11027238517999649
0.1101459488272667
0.1100197583436966
0.10989390313625336
0.10976818203926086
0.10964285582304001
0.10951758921146393
0.1093926727771759
0.10926803201436996
0.10914356261491776
0.1090194582939148
0.10889554768800735
0.10877180844545364
0.1086483970284462
0.10852521657943726
0.10840217769145966
0.10827947407960892
0.10815709829330444
0.10803484916687012
0.1079128310084343
0.10779114812612534
0.1076696515083313
0.10754843056201935
0.10742728412151337
0.10730652511119843
0.10718592256307602
0.10706572979688644
0.10694558918476105
0.10682576149702072
0.10670618712902069
0.10658678412437439
0.10646767914295197
0.10634873807430267
0.10623001307249069
0.10611161589622498
0.10599349439144135
0.1058754250407219
0.1057577133178711
0.1056402251124382
0.10552293807268143
0.10540591180324554
0.10528908669948578
0.10517241805791855
0.10505609959363937
0.10494004935026169
0.10482408851385117
0.10470843315124512
0.10459285229444504
0.10447762906551361
0.1043626219034195
0.10424792766571045
0.104133240878582
0.10401894152164459
0.10390491038560867
0.10379096865653992
0.10367726534605026
0.10356384515762329
0.10345055907964706
0.10333757102489471
0.1032247319817543
0.10311222821474075
0.10299976170063019
0.10288777202367783
0.10277574509382248
0.1026640459895134
0.10255252569913864
0.10244125127792358
0.10233014076948166
0.102219358086586
0.10210872441530228
0.10199829936027527
0.10188814997673035
0.10177811980247498
0.10166832059621811
0.10155874490737915
0.10144929587841034
0.10134018957614899
0.10123128443956375
0.10112264007329941
0.10101401060819626
0.10090571641921997
0.10079764574766159
0.10068973153829575
0.10058204084634781
0.10047454386949539
0.1003672257065773
0.10026020556688309
0.1001533642411232
0.10004661232233047
0.0999402403831482
0.09983392059803009
0.09972784668207169
0.09962201863527298
0.09951634705066681
0.09941088408231735
0.0993056520819664
0.09920060634613037
0.09909578412771225
0.09899117052555084
0.09888668358325958
0.09878246486186981
0.09867844730615616
0.09857449680566788
0.09847091138362885
0.09836743026971817
0.09826412796974182
0.09816107898950577
0.09805826842784882
0.0979555994272232
0.09785310924053192
0.09775073081254959
0.0976487472653389
0.09754685312509537
0.0974450632929802
0.0973435714840889
0.09724221378564835
0.0971410796046257
0.09704016149044037
0.09693942964076996
0.09683883190155029
0.09673850983381271
0.09663832187652588
0.09653837233781815
0.09643851965665817
0.0963389202952385
0.09623949229717255
0.09614019095897675
0.09604117274284363
0.09594231843948364
0.09584363549947739
0.09574519842863083
0.09564685821533203
0.09554870426654816
0.09545078128576279
0.09535301476716995
0.09525547176599503
0.09515804052352905
0.09506089240312576
0.09496376663446426
0.09486693143844604
0.09477030485868454
0.09467379748821259
0.09457751363515854
0.09448131173849106
0.09438543021678925
0.09428964555263519
0.09419403970241547
0.09409867972135544
0.09400343894958496
0.09390837699174881
0.09381352365016937
0.0937187448143959
0.09362426400184631
0.0935298278927803
0.09343571215867996
0.09334173053503036
0.09324787557125092
0.09315421432256699
0.09306072443723679
0.09296747297048569
0.09287427365779877
0.09278136491775513
0.09268849343061447
0.09259594231843948
0.09250345826148987
0.09241122007369995
0.09231908619403839
0.09222713112831116
0.09213536977767944
0.09204369783401489
0.0919523760676384
0.09186110645532608
0.09177000820636749
0.09167907387018204
0.09158831834793091
0.09149769693613052
0.09140729159116745
0.0913170799612999
0.09122692793607712
0.09113701432943344
0.09104720503091812
0.09095761179924011
0.09086818248033524
0.09077894687652588
0.09068984538316727
0.09060085564851761
0.09051206707954407
0.09042341262102127
0.09033502638339996
0.09024666249752045
0.09015863388776779
0.09007057547569275
0.08998279273509979
0.08989512920379639
0.08980760723352432
0.08972028642892838
0.08963306248188019
0.08954610675573349
0.08945921808481216
0.08937256783246994
0.08928598463535309
0.08919959515333176
0.08911333233118057
0.08902721852064133
0.08894134312868118
0.08885554224252701
0.08877001702785492
0.08868453651666641
0.08859917521476746
0.08851407468318939
0.08842907845973969
0.08834425359964371
0.08825954049825668
0.08817502111196518
0.08809061348438263
0.08800637722015381
0.08792232722043991
0.08783838897943497
0.08775464445352554
0.0876709446310997
0.08758746832609177
0.08750412613153458
0.08742101490497589
0.08733797818422318
0.087255097925663
0.08717237412929535
0.08708979934453964
0.08700740337371826
0.08692508190870285
0.08684295415878296
0.08676093816757202
0.08667907118797302
0.08659741282463074
0.08651581406593323
0.08643440902233124
0.08635316789150238
0.08627207577228546
0.08619106560945511
0.08611021935939789
0.08602957427501678
0.08594899624586105
0.08586861938238144
0.08578836172819138
0.08570828288793564
0.08562833070755005
0.08554846048355103
0.08546872437000275
0.08538921177387238
0.08530979603528976
0.0852305144071579
0.08515139669179916
0.08507248014211655
0.08499366044998169
0.0849149078130722
0.08483634144067764
0.08475782722234726
0.08467960357666016
0.08460146188735962
0.08452346175909042
0.08444558829069138
0.08436773717403412
0.08429025113582611
0.08421274274587631
0.08413540571928024
0.0840582400560379
0.08398113399744034
0.08390425890684128
0.08382746577262878
0.08375076204538345
0.08367431908845901
0.08359786123037338
0.08352164179086685
0.08344551920890808
0.08336948603391647
0.08329366147518158
0.08321796357631683
0.08314236998558044
0.08306695520877838
0.0829915776848793
0.08291640877723694
0.08284128457307816
0.08276639878749847
0.08269157260656357
0.08261693269014359
0.08254238218069077
0.0824679583311081
0.08239369839429855
0.08231952786445618
0.08224548399448395
0.08217158168554306
0.08209781348705292
0.08202420175075531
0.08195065706968307
0.08187733590602875
0.08180404454469681
0.0817309245467186
0.08165789395570755
0.08158504217863083
0.08151230216026306
0.08143965899944305
0.08136710524559021
0.0812947005033493
0.0812225192785263
0.0811503604054451
0.08107832074165344
0.0810064747929573
0.08093467354774475
0.0808630958199501
0.08079151809215546
0.08072015643119812
0.08064889162778854
0.08057774603366852
0.08050673454999924
0.08043583482503891
0.08036505430936813
0.0802944079041481
0.08022382855415344
0.0801534429192543
0.08008315414190292
0.0800129622220993
0.07994293421506882
0.0798729732632637
0.07980316877365112
0.07973344624042511
0.07966387271881104
0.0795944482088089
0.07952504605054855
0.07945585250854492
0.07938675582408905
0.07931780070066452
0.0792488306760788
0.07918010652065277
0.07911143451929092
0.0790429338812828
0.07897458225488663
0.07890620082616806
0.07883806526660919
0.07877001911401749
0.07870201766490936
0.07863420248031616
0.07856646925210953
0.07849885523319244
0.0784313827753067
0.07836399227380753
0.0782967358827591
0.078229621052742
0.0781625509262085
0.07809560745954514
0.0780288353562355
0.07796207815408707
0.07789549976587296
0.0778290405869484
0.077762670814991
0.07769642025232315
0.07763027399778366
0.07756420969963074
0.07749827951192856
0.0774325355887413
0.07736680656671524
0.07730124890804291
0.07723572105169296
0.07717037200927734
0.07710512727499008
0.07703997194766998
0.07697490602731705
0.07690995931625366
0.07684514671564102
0.07678044587373734
0.07671580463647842
0.07665126770734787
0.07658693194389343
0.076522596180439
0.0764584168791771
0.07639435678720474
0.07633037120103836
0.07626645267009735
0.07620269805192947
0.07613908499479294
0.07607555389404297
0.07601205259561539
0.07594870775938034
0.07588548213243484
0.0758223682641983
0.07575933635234833
0.0756964236497879
0.07563361525535583
0.07557084411382675
0.07550827413797379
0.0754457339644432
0.07538331300020218
0.07532099634408951
0.07525887340307236
0.0751967504620552
0.0751347616314888
0.07507278025150299
0.07501105964183807
0.07494928687810898
0.0748877301812172
0.07482624799013138
0.07476484030485153
0.07470358163118362
0.07464234530925751
0.07458128035068512
0.07452020794153214
0.07445932179689407
0.07439855486154556
0.07433784008026123
0.07427730411291122
0.0742168053984642
0.07415641844272614
0.07409609854221344
0.07403586804866791
0.07397576421499252
0.0739157646894455
0.07385586947202682
0.07379607856273651
0.07373633235692978
0.07367672026157379
0.07361718267202377
0.0735577940940857
0.07349845767021179
0.07343922555446625
0.07338003069162369
0.07332100719213486
0.07326209545135498
0.07320316880941391
0.07314445078372955
0.07308577001094818
0.07302723079919815
0.0729687511920929
0.07291033864021301
0.07285204529762268
0.0727938562631607
0.07273577898740768
0.07267777621746063
0.07261981070041656
0.07256200164556503
0.07250426709651947
0.07244662195444107
0.0723891481757164
0.07233168184757233
0.07227428257465363
0.07221699506044388
0.07215982675552368
0.07210277765989304
0.07204578071832657
0.07198884338140488
0.07193205505609512
0.07187534123659134
0.07181873917579651
0.07176219671964645
0.07170571386814117
0.07164932787418365
0.07159306108951569
0.07153689116239548
0.07148078083992004
0.07142475247383118
0.07136888802051544
0.07131306827068329
0.07125728577375412
0.0712016150355339
0.07114608585834503
0.07109057158231735
0.0710352212190628
0.07097987085580826
0.07092468440532684
0.07086958736181259
0.07081451267004013
0.07075958698987961
0.07070474326610565
0.07064992934465408
0.07059523463249207
0.0705406442284584
0.07048606872558594
0.0704316645860672
0.07037730515003204
0.07032302767038345
0.07026888430118561
0.07021478563547134
0.07016073912382126
0.07010677456855774
0.07005299627780914
0.06999916583299637
0.06994560360908508
0.06989195197820663
0.06983847916126251
0.06978500634431839
0.06973166018724442
0.06967845559120178
0.06962526589632034
0.06957212835550308
0.06951917707920074
0.0694662407040596
0.06941339373588562
0.06936056166887283
0.06930795311927795
0.06925538927316666
0.06920284032821655
0.06915035098791122
0.069098100066185
0.0690457820892334
0.06899357587099075
