0.68389195
0.6741056
0.2625786
0.15602651
0.13466424
0.117695644
0.10412819
0.09317073
0.079992585
0.07012808
0.06253704
0.053761754
0.04742354
0.042633213
0.03712666
0.033111073
0.02856915
0.025390515
0.024052288
0.022944491
0.021921381
0.020974943
0.020564584
0.019147253
0.017890403
0.01659267
0.01579628
0.014608393
0.014281442
0.013025444
0.013051949
0.011737909
0.0121980095
0.010674498
0.010699953
0.009927678
0.006989450698324843
0.000833136737299394
4.223497309208167e-05
2.40388168018138e-06
4.970571398576462e-08