1.1777233489734293
0.49025698880196933
0.3027840601931337
0.2008052872151032
0.12126309160687587
0.07869091975172494
0.05408028445464557
0.023527840976692527
0.014114240357556375
0.009809328161080095
0.007312726658652298
0.005729272044444049
0.00461153370779991
0.0035934918698514746
0.0029213442181749865
0.002421042733132442
0.0020635782471828752
0.0017938579848035925
0.0016091229635972824
0.0014867725804405746
0.0014019176326477369
0.0013480573331267711
0.00830728129701078
0.0013745080468466637
0.0014016937423437686
0.0013482449333105692
0.001344842647970561
0.0013510412401458302
0.0013397114026541044
0.0013486431838805391
0.0013400238640466152
0.016946354795757006
0.001507547740805804
0.001379436239975368
0.0013418799980214862
0.0013391204266944667
