0.6931471805597412
0.555891198130363
0.4620490629264631
0.3993654935504887
0.3850978800839907
0.3735678788181563
0.3669048150439739
0.3595831323992222
0.3570433243409264
0.35514778713747047
0.353577073360327
0.34989267900861504
0.34658904979158905
0.3452022083614141
0.3439523470295442
0.34286518212669514
0.34185757541604284
0.34100016135770467
0.3401653406906639
0.33948102908703
0.3387625189988942
0.3370473751471323
0.3356822360778243
0.3346509070293293
0.3341269138807917
0.33364012475952126
0.333176816590228
0.3327453982032707
0.3323325455637761
0.33194726021419285
0.3315771699866648
0.33123102364693835
0.3308978447636523
0.3305854994192505
0.3302846715516845
0.33000196149985916
0.3297297912511638
0.32947335421744783
0.3292267205804029
0.3289937337851108
0.32876990648992194
0.3285579043712464
0.3283544318045892
0.3281612096139876
0.3279758697244731
0.3277994267162801
0.32763020613154015
0.32754881077015957
0.3273591706633892
0.32718866137467
0.3270221773471095
0.32686987582459043
0.32672262284664316
0.32658603024547095
0.32645466573766796
0.3263314609531785
0.326213216550154
0.3261013566679488
0.3259940019458476
0.325891758235144
0.32579351584497285
0.32575141374574645
0.32563276347653275
0.32552664243376683
0.3254257341957572
0.325333184729139
0.3252451369714347
0.3251628755964641
0.32508435747756453
0.32501001834365245
0.3249387609017797
0.3248706618866903
0.3248353924926485
0.324753437333142
0.32467672055408897
0.32460703104565874
0.3245413245815955
0.32448014693678484
0.32442197339803347
0.3243668788491743
0.3243140832411173
0.32429327205270586
0.32422566711366146
0.3241657749801133
0.3241100642853218
0.32405895944495333
0.32401076970754666
0.32396548327821995
0.3239222727634737
0.32388101731193575
0.3238576934418114
0.3238064409193095
0.32375931469218144
0.323716499170066
0.3236763866690274
0.3236388569643544
0.32360314593753425
0.32356909254038424
0.32355050288066894
0.32350752377837433
0.3234682670754346
0.32343266323511194
0.3233993841521138
0.3233682300994623
0.3233385797507709
0.3233102576371917
0.32329133642602204
0.32325603148250787
0.3232237948741678
0.3231943940782909
0.3231668489884875
0.32314093051145815
0.3231161845992466
0.32310352264968856
0.32307121522246807
0.3230426687200536
0.3230164381858988
0.3229922346025367
0.32296940679718433
0.32294774416178196
0.3229382126197828
0.3229096486358006
0.3228839865098978
0.32286087536310076
0.3228394109187346
0.3228193277998834
0.3228002195879733
0.32279185848873243
0.32276628051029116
0.32274384450961985
0.32272335911795214
0.32270450411038315
0.32268675129351065
0.3226698990911543
0.3226612861484343
0.32263911282967517
0.32261924295048344
0.3226012942004006
0.3225846016406023
0.3225689236488782
0.3225539642829541
0.3225445301081268
0.32252507837351907
0.3225078412419526
0.32249201510645936
0.3224773208738535
0.3224634041141982
0.322450105563131
0.3224395838794332
0.32242286461840935
0.32240772317263294
0.3223938378507365
0.3223807957114585
0.3223684161652977
0.3223614223004343
0.32234511048156317
0.32233053518004984
0.32231733790925643
0.3223050475658267
0.3222934623923022
0.3222823754560466
0.3222735107385638
0.322259448356179
0.3222468654443921
0.322235244136865
0.3222243637163793
0.32221399678318074
0.32220730638875533
0.3221937107055741
0.3221816808977737
0.3221706582511486
0.32216040328016704
0.3221506759251263
0.32214580426760286
0.3221326525928874
0.32212113448958946
0.3221106564981813
0.32210096811041133
0.32209181422746463
0.3220884263064122
0.3220757126111366
0.3220646770789791
0.3220547033938752
0.3220455312660876
0.3220368973485997
0.32202866661193597
0.32202248069056405
0.32201188965057864
0.3220023751534731
0.32199366968223614
0.32198550373728496
0.32197773808234137
0.32197248602350903
0.32196232537035835
0.3219532467896353
0.32194497595098015
0.32193724052121203
0.3219299001227831
0.3219253802797865
0.32191564482898644
0.32190698353089664
0.32189911923174164
0.3218917823059856
0.32188483107440785
0.3218808664191786
0.3218715520660097
0.32186329169209654
0.3218558120688012
0.32184884573786604
0.32184225390328
0.32183869138994603
0.3218297929763254
0.3218219214607779
0.3218148058213438
0.3218081852175912
0.32180192571917526
0.3217986332234783
0.3217901482552249
0.3217826529867945
0.3217758816631993
0.32176958703492664
0.3217636347670999
0.32176050361325564
0.3217524254044184
0.32174529349137604
0.32173885114750717
0.3217328605928351
0.32172719537110467
0.32172413640987785
0.32171645716372727
0.32170967617635565
0.3217035455490667
0.3216978412110327
0.32169244248800155
0.3216893839682553
0.3216820956596509
0.3216756514186078
0.3216698169847518
0.321664382248343
0.3216592316312308
0.32165611953696815
0.32164920982188844
0.321643089094913
0.3216375339195416
0.3216323517112731
0.321627433253328
0.32162422819834613
0.3216176835328273
0.3216118702680011
0.3216065806657447
0.3216016355458169
0.3215969333791239
0.3215936068095189
0.3215874121657061
0.32158189201736254
0.32157685220912924
0.3215721291648651
0.3215676284842673
0.3215641655655983
0.3215583039076972
0.3215530610479174
0.3215482560922485
0.32154373981958545
0.32153942783588413
0.32153581933892694
0.321530274393716
0.3215252914511501
0.3215207073351396
0.3215163855640027
0.32151451338628434
0.32150847519814507
0.3215032337077939
0.3214985002364095
0.32149412482244477
0.321489986280754
0.3214877573175664
0.3214820871419442
0.3214771298362394
0.32147262903898893
0.32146844776434524
0.321464479181227
0.3214619211456648
0.3214565925475614
0.3214518998815629
0.3214476143537788
0.3214436142066337
0.3214398034414013
0.32143694549481433
0.3214319338560937
0.3214274851650933
0.321423399919393
0.3214195671812443
0.3214182264468428
0.3214127918338948
0.32140806659050614
0.32140384026140034
0.32139993704989916
0.32139625809101535
0.3213944800529898
0.32138939005640454
0.3213849286316129
0.3213809076491363
0.3213771737666418
0.3213736376859207
0.3213714680439034
0.3213666940166773
0.32136247509460547
0.32135864385471574
0.3213550661727072
0.32135166302561763
0.32134914664970726
0.3213446617710207
0.3213406648275706
0.3213370085738063
0.3213335745047986
0.3213323496587643
0.3213274614951358
0.3213232440304873
0.3213194539161305
0.3213159598179042
0.3213126607182891
0.3213109494188874
0.3213063928385681
0.32130241791557723
0.32129881577370917
0.32129546999684
0.3212922937706165
0.32129016325882154
0.32128590494099135
0.32128214947737466
0.32127871705148187
0.3212755062462016
0.32127244413692047
0.3212699548017203
0.32126596323868867
0.32126240510483756
0.32125912742659307
0.3212560414150242
0.3212545965709608
0.32125030020141593
0.3212465442128308
0.32124316164574473
0.3212400221162117
0.3212370484973286
0.3212351661782595
0.3212311539428101
0.32122760843343207
0.32122438519212104
0.3212213718804101
0.32121850110656075
0.3212162452764272
0.3212124870228858
0.32120913108491056
0.3212060503995821
0.32120315210063183
0.32120186508417387
0.3211977958988907
0.3211942669072228
0.3211910820093634
0.32118813340430763
0.3211853402979033
0.32118358860468266
0.32117980348238284
0.321176477438581
0.32117344550376375
0.3211706152142775
0.3211679182683497
0.32116577826428105
0.32116224219416384
0.3211590957772757
0.32115620068550177
0.32115347747913614
0.3211522145149898
0.32114841222359575
0.32114509243124806
0.32114210358070877
0.32113933045865667
0.3211367022687158
0.32113499488773256
0.32113145467474447
0.3211283251692614
0.32112547684342074
0.32112281209105126
0.3211202711313729
0.32111819173780365
0.32111488136143235
0.3211119201555815
0.32110919756805884
0.3211066304869059
0.3211053420404439
0.32110177332365697
0.32109866679282123
0.3210958557823967
0.32109324586165233
0.3210907682025973
0.32108904258646015
0.32108572613532366
0.3210827979583717
0.3210801199442586
0.32107760980431554
0.321076714102338
0.321073136163408
0.32107003550255664
0.3210672609512825
0.3210646981689178
0.3210622779991221
0.3210609022581165
0.3210575857235542
0.3210546721940456
0.3210520334242494
0.3210495733638666
0.32104723372795596
0.32104545979828436
0.32104237001103875
0.3210396205306018
0.32103710102648386
0.32103473274710836
0.32103369221283007
0.3210303560756166
0.3210274660932228
0.3210248606448133
0.3210224476175783
0.3210201618530068
0.3210186700550467
0.3210155798992867
0.3210128617733429
0.3210103824598218
0.32100806338400173
0.3210058513786696
0.3210039902246892
0.32100111171975526
0.32099854287141133
0.320996173345586
0.32099393734765447
0.3209927142136171
0.3209896352008415
0.3209869366895054
0.3209844949436933
0.3209822210575192
0.32098005890934295
0.3209784393166322
0.3209755773203714
0.3209730326875721
0.32097070232678776
0.3209685123683346
0.32096755423929574
0.32096446687128366
0.3209617925238125
0.32095938335764723
0.3209571510730264
0.32095503767803735
0.32095364032966633
0.3209507852386628
0.320948272482522
0.32094597911903
0.32094383434480384
0.3209417869366066
0.3209400339100174
0.3209373764178904
0.3209350016399622
0.32093280950255765
0.3209307407192847
0.3209295547054943
0.320926716827397
0.3209242264383669
0.3209219692089371
0.32091986484584256
0.32091786236033154
0.3209163004993669
0.32091366417946726
0.32091131536747264
0.32090916065539826
0.32090713236472124
0.3209061529406008
0.32090331717198545
0.32090085348934994
0.3208986286235852
0.3208965637975256
0.32089460407335674
0.3208932162710829
0.32089059385916047
0.32088827792558866
0.3208861583416038
0.3208841719357687
0.32088337896366
0.3208805608557681
0.3208781166911197
0.3208759246228946
0.3208738958736947
0.3208719767417368
0.3208707591115783
0.3208681571249391
0.3208658647103494
0.32086377902707663
0.3208618298304883
0.3208599701388454
0.320858408421668
0.3208559891607673
0.3208538246163115
0.3208518319896778
0.32084995158315577
0.32084889217131374
0.32084630145984516
0.3208440379306169
0.32084198440144795
0.32084007211574744
0.32083825172153796
0.3208368261779822
0.3208344262989469
0.32083229497985805
0.32083033695005264
0.3208284936327373
0.32082757829307096
0.3208250114144173
0.3208227710217544
0.3208207501584765
0.3208188725660341
0.3208170901650232
0.320815796650499
0.32081342161197207
0.3208113157272283
0.32080939016387594
0.3208075825889899
0.3208068068447349
0.32080425059617584
0.3208020384450488
0.3208000481711891
0.32079820504738077
0.320796458335991
0.32079528335399937
0.3207929279807287
0.32079085367329235
0.3207889606219871
0.32078718776469634
0.32078653535918866
0.32078400452651457
0.3207818158204222
0.3207798561327575
0.32077804570393165
0.3207763342510706
0.32077527418575624
0.3207729441753228
0.3207708943188798
0.32076903256270706
0.32076729264789067
0.3207656340472139
0.3207642466908782
0.3207620843100569
0.3207601522483749
0.3207583733221023
0.32075669590158584
0.3207557422781663
0.32075342959220715
0.3207514098575314
0.32074957812620547
0.3207478712219186
0.3207462460253989
0.320744950483032
0.32074281299608404
0.3207409117130926
0.32073916478171927
0.32073751877162465
0.3207366592859099
0.3207343761962517
0.32073238162848317
0.3207305798625339
0.320728904260855
0.32072731179475766
0.32072610602086504
0.3207239957720872
0.3207221217918473
0.3207204042065569
0.3207187900019058
0.3207180207047999
0.3207157570828763
0.32071379220187785
0.3207120195413621
0.3207103747274875
0.32070881357368836
0.3207076863422524
0.3207056000553367
0.320703756531999
0.3207020693495267
0.3207004860546436
0.32069979578716173
0.3206975618896256
0.32069562262179413
0.32069387918093506
0.3206922640275122
0.3206907337300044
0.3206896820472525
0.32068762418295954
0.3206858072218195
0.32068414862618394
0.32068259439515423
0.3206819795502321
0.320679766848186
0.32067785742105925
0.32067614178562404
0.3206745557445676
0.3206730552220954
0.32067206928478115
0.3206700363925834
0.3206682494448146
0.3206666207932664
0.3206650959623091
0.3206645450140941
0.3206623639612023
0.320660479115888
0.3206587928525655
0.3206572363571532
0.32065576354495023
0.3206548419359231
0.32065283883062157
0.32065107740727183
0.3206494759010797
0.3206479797145578
0.32064655209524645
0.32064533511361654
0.3206434794193156
0.32064181979039336
0.32064028963670216
0.3206388458345953
0.3206379814963813
0.3206360024992334
0.32063427000284717
0.32063269573886766
0.3206312274707682
0.32062982831982645
0.32062866168560095
0.3206268329520394
0.3206252022400711
0.32062370134324236
0.3206222840932954
0.32062146860477025
0.3206195215558238
0.3206178154133045
0.32061626930004244
0.3206148278977842
0.320613455740174
0.32061234013221956
0.3206105402266344
0.3206089355172474
0.32060746079925945
0.32060607078298897
0.32060530113399166
0.3206033793684274
0.3206017026919692
0.32060018315713906
0.32059876813330734
0.32059742269226454
0.3205963476179694
0.3205945756211217
0.3205930000396285
0.32059155198226497
0.32059018785935134
0.320589457813812
0.3205875680136247
0.32058591762528
0.3205844254871402
0.3205830369372257
0.3205817163956418
0.3205806832471819
0.32057894043347573
0.32057739085010095
0.32057596842388003
0.3205746303263605
0.32057393560904635
0.3205720719424622
0.3205704508342433
0.3205689851348233
0.3205676215347622
0.32056632659484424
0.32056532678638566
0.32056361139374323
0.32056209015836556
0.32056069463809245
0.320559380886001
0.3205587148668146
0.3205568851006825
0.3205552898287348
0.3205538506039777
0.32055251252445266
0.32055124136694413
0.3205502753832707
0.3205485899045636
0.3205470942338105
0.32054572233739587
0.3205444336982927
0.3205437949756594
0.32054199205995726
0.3205404260133213
0.32053901214852715
0.32053769894725426
0.3205364522415197
0.3205355109788137
0.32053385400363527
0.3205323858484009
0.32053104036922825
0.3205297759117404
0.3205291568572558
0.32052738828006444
0.3205258482503379
0.3205244604738188
0.320523172205411
0.3205219478767069
0.3205210329513512
0.3205194053116728
0.32051796269906363
0.32051664156287757
0.3205153995182473
0.3205147996624215
0.3205130595319417
0.3205115484254778
0.3205101856630288
0.3205089201756914
0.3205077192201063
0.3205068230709081
0.32050522422878525
0.3205038088397136
0.3205025124749354
0.3205012937524129
0.3205007068595258
0.3204990011100606
0.3204975163329332
0.3204961786564584
0.32049493701255716
0.3204937577410945
0.32049288117168534
0.32049131225570054
0.3204899214450275
0.32048864872418414
0.32048745283885904
0.3204868783254761
0.3204852004010124
0.32048374446228745
0.3204824313362571
0.3204812127143902
0.3204800552612561
0.32047919212779824
0.32047765117565064
0.3204762879860804
0.3204750390795055
0.3204738653782383
0.32047329742263614
0.3204716535754295
0.3204702236258322
0.32046893489001177
0.32046773921210486
0.32046660271254496
0.32046575415773015
0.32046424336626067
0.3204629038092034
0.32046167713367574
0.3204605255242825
0.32045996321003944
0.3204583490343811
0.3204569469965252
0.32045568242360833
0.3204545081935477
0.320453393671719
0.3204525524749089
0.3204510703371731
0.3204497571818231
0.3204485548939231
0.32044742378721924
0.32044686217083895
0.32044528225272756
0.32044390672236256
0.3204426662720858
0.3204415138007858
0.3204404190775847
0.32043958755151547
0.32043813488919165
0.3204368460025675
0.3204356650384406
0.3204345549101162
0.320433994553694
0.32043244348883987
0.3204310957833852
0.32042987880763546
0.320428748000874
0.3204276729071496
0.3204268445709766
0.32042542069176994
0.32042415788740003
0.32042299920386563
0.3204219097874035
0.32042134619498125
0.3204198294518129
0.3204185074772362
0.32041731321710926
0.3204162035594938
0.32041514814772964
0.32041432494415634
0.3204129302725988
0.3204116912443438
0.3204105543460323
0.32040948460953905
0.3204089170246414
0.32040742971126607
0.32040613506965315
0.32040496393828943
0.32040387424370065
0.32040283866319486
0.3204020148037026
0.3204006485383665
0.3203994348616361
0.32039832002227475
0.3203972698655745
0.3203966949747779
0.3203952412508909
0.32039397145405646
0.32039282371383065
0.3203917540668485
0.3203907367012545
0.32038991535911693
0.32038857735591125
0.32038738682107915
0.32038629245580713
0.3203852614908372
0.32038467913767277
0.3203832551788327
0.3203820119646547
0.3203808863008425
0.3203798369107535
0.32037883813480195
0.3203780139955991
0.3203767039067954
0.32037553730854795
0.32037446462433933
0.32037345195673345
0.3203728597415224
0.32037146813369377
0.32037025067375385
0.3203691459406744
0.32036811644815427
0.3203671353224817
0.3203663097375607
0.3203650282080095
0.3203638841408942
0.32036283102577273
0.3203618376894347
0.3203612354925529
0.3203598735697121
0.3203586807551729
0.3203575987703354
0.32035658732576905
0.3203556238063512
0.32035479317207727
0.32035353965744584
0.3203524195059916
0.32035138673996366
0.3203504103556362
0.3203497961059917
0.3203484657611653
0.3203472981094379
0.32034623666234835
0.3203452445010464
0.32034488814521084
0.32034346242350353
0.32034223627718894
0.3203411383135943
0.3203401254009134
0.3203391675020883
0.3203385386743038
0.3203372383385042
0.32033609535599783
0.32033505522120814
0.3203340815321816
0.32033370221019586
0.32033231255188704
0.32033111250155993
0.32033003749002903
0.32032904324057715
0.3203281020037804
0.3203274619690053
0.3203261919705229
0.32032507249540954
0.32032405213235826
0.32032309627070416
0.32032269424179854
0.32032133593273515
0.320320163440043
0.3203191099127574
0.320318134078058
0.3203172102389881
0.32031655472389803
0.3203153139794643
0.32031421880105837
0.320313219236694
0.32031228086490515
0.3203118547440512
0.32031053142138716
0.3203093839783868
0.3203083517527282
0.320307395069389
0.3203064871290461
0.320305818853
0.3203046069736171
0.3203035351993228
0.3203025538917647
0.32030163261960803
0.3203011835096046
0.32029989130073105
0.32029876972069093
0.32029775906450036
0.3202968193906861
0.32029592819704367
0.3202952441530364
0.3202940607451362
0.3202930110207895
0.3202920500143626
0.3202911458601262
0.32029067172702486
0.3202894134851695
0.3202883165279855
0.3202873254128394
0.32028640438519906
0.3202855284261776
0.3202848310779129
0.3202836760227581
0.3202826483776425
0.32028170527462485
0.32028081722946017
0.32028032021329855
0.32027909148092637
0.32027801994332805
0.3202770495429743
0.320276145280274
0.3202752847905575
0.3202745714321188
0.32027344282262465
0.32027243826116186
0.3202715137649345
0.3202706417483879
0.3202701204477048
0.32026892373609844
0.32026787571533477
0.32026692468813267
0.32026603791191083
0.3202651920535726
0.32026446519216567
0.32026336373132497
0.32026238006545266
0.32026147314741005
0.32026061640405445
0.32026007233154
0.32025890448748323
0.32025788022298646
0.32025694893544826
0.3202560779192294
0.3202557528842741
0.32025450582946957
0.3202534301617267
0.32025246768588966
0.3202515782916292
0.320250736697848
0.32025017051269805
0.32024903283353556
0.32024803088320847
0.3202471177197725
0.32024626293126623
0.32024590566893923
0.3202446900164678
0.3202436410507481
0.32024269800227095
0.32024182572957594
0.3202409992523648
0.32024040899289763
0.3202393000638331
0.3202383208459349
0.3202374268426989
0.32023658725839116
0.32023619649078194
0.32023501544399147
0.3202339902067092
0.32023306753979996
0.3202322122090771
0.3202314000323107
0.32023078909731184
0.3202297077423242
0.32022875053616395
0.3202278737962351
0.32022704983363265
0.320226627365362
0.32022547653393457
0.32022447640925705
0.3202235735562389
0.32022273405746815
0.3202219364419317
0.3202213028348241
0.32022024837812
0.32021931283139926
0.3202184545578951
0.32021764477796405
0.320217192320581
0.32021607254496093
0.32021509611828514
0.32021421180035803
0.3202133882420247
