0.6838919520378113
0.3573712110519409
0.1480032056570053
0.14734292030334473
0.06481948494911194
0.09839466214179993
0.04383169487118721
0.0530526228249073
0.05897270888090134
0.06611507385969162
0.07531372457742691
0.028750356286764145
0.03520751744508743
0.0366261787712574
0.03844596818089485
0.04036915674805641
0.042530644685029984
0.04459189996123314
0.04674180969595909
0.04863877221941948
0.050496913492679596
0.017040936276316643
0.01667710952460766
0.022367006167769432
0.02220975048840046
0.022001327946782112
0.021742375567555428
0.021429890766739845
0.021061716601252556
0.020645413547754288
0.02017556130886078
0.019667956978082657
0.019114244729280472
0.01853577047586441
0.017922040075063705
0.01729711703956127
0.016649357974529266
0.01600314863026142
0.015346769243478775
0.014702961780130863
0.014060597866773605
0.013439529575407505
0.0128297945484519
0.012247618287801743
0.011684373952448368
0.01115255057811737
0.01064483355730772
0.021371671929955482
0.019779786467552185
0.018323177471756935
0.016933511942625046
0.0156694483011961
0.014480006881058216
0.013404915109276772
0.012406702153384686
0.011510574258863926
0.010689244605600834
0.009957339614629745
0.009294879622757435
0.008708957582712173
0.0081847058609128
0.016423707827925682
0.014812796376645565
0.013401963748037815
0.012127717956900597
0.011017228476703167
0.010027437470853329
0.009170755743980408
0.008417487144470215
0.007770808879286051
0.0072096530348062515
0.006731903180480003
0.013336485251784325
0.01189159881323576
0.01061687245965004
0.009528500027954578
0.008581617847084999
0.007779700681567192
0.007092336658388376
0.006516017951071262
0.006029199808835983
0.012060453183948994
0.010625511407852173
0.009413358755409718
0.008369122631847858
0.007493977434933186
0.006751800421625376
0.00613665534183383
0.005623544566333294
0.005203395150601864
0.010160580277442932
0.008920733816921711
0.007862887345254421
0.006984333973377943
0.006246998440474272
0.00564209371805191
0.005143539514392614
0.0047402409836649895
0.009264713153243065
0.008089101873338223
0.0070964316837489605
0.0062794010154902935
0.005601547658443451
0.0050513590686023235
0.004603717941790819
0.004246051423251629
0.008114772848784924
0.007068438455462456
0.006194974295794964
0.005483079701662064
0.004900090862065554
0.004432583227753639
0.004057684913277626
0.007921942509710789
0.006851098500192165
0.005975896026939154
0.005254973657429218
0.004674314521253109
0.004206088837236166
0.003835877403616905
0.007583974860608578
0.006539590656757355
0.005675183143466711
0.004976178985089064
0.004409119486808777
0.0039587304927408695
0.0036017983220517635
0.007095721084624529
0.006095662713050842
0.005284881219267845
0.004623965360224247
0.004096823278814554
0.0036769805010408163
0.003349119331687689
0.0065386053174734116
0.005617052782326937
0.004862838424742222
0.004259049892425537
0.0037757607642561197
0.0033968251664191484
0.003101149806752801
0.0059209116734564304
0.005083201918751001
0.004410872235894203
0.0038704879116266966
0.00344528048299253
0.0031122094951570034
0.002856253879144788
0.005304225720465183
0.004566688556224108
0.0039718616753816605
0.0035021924413740635
0.0031328964978456497
0.0028482824563980103
0.0055027310736477375
0.004707275424152613
0.004064034204930067
0.003554779104888439
0.003152989549562335
0.002842470072209835
0.0026042889803647995
0.004815110936760902
0.004132518079131842
0.0035910855513066053
0.003162793582305312
0.002831029938533902
0.002576035913079977
0.004897307138890028
0.0041825114749372005
0.0036147190257906914
0.003164666937664151
0.00281537021510303
0.0025464326608926058
0.004951923619955778
0.0042120483703911304
0.003623807802796364
0.003156904596835375
0.002793962834402919
0.0025141017977148294
0.004978582262992859
0.004220632370561361
0.0036176571156829596
0.003138595260679722
0.0027658427134156227
0.002478148089721799
0.002260588575154543
0.004219963680952787
0.0036053908988833427
0.0031167331617325544
0.0027361917309463024
0.0024422674905508757
0.0022198737133294344
0.004199446644634008
0.003578335978090763
0.0030843671411275864
0.002699540928006172
0.0024021451827138662
0.002177101792767644
0.004160087555646896
0.003537244163453579
0.003041897900402546
0.002655948977917433
0.002357721794396639
0.0021321061067283154
0.004103084094822407
0.0034829103387892246
0.00298986304551363
0.0026058261282742023
0.002309210831299424
0.0020849506836384535
0.004030187614262104
0.0034166770055890083
0.002929255599156022
0.002549820113927126
0.002256994601339102
0.002035820623859763
0.00394310150295496
0.003339810762554407
0.0028609996661543846
0.0024886103346943855
0.002201551804319024
0.001985015347599983
0.003843804821372032
0.003253917908295989
0.0027862917631864548
0.002423044992610812
0.002143483841791749
0.0019329406786710024
0.003734277095645666
0.0031604478135704994
0.002706266939640045
0.002353968797251582
0.002083339262753725
0.0018799410900101066
0.0036162743344902992
0.003060864517465234
0.002622009487822652
0.0022822138853371143
0.0020217844285070896
0.0018264885293319821
0.003491733456030488
0.0029566234443336725
0.0025346563197672367
0.0022086109966039658
0.0019593648612499237
0.0017729748506098986
0.003362341085448861
0.0028490808326750994
0.0024452535435557365
0.002133966190740466
0.0018967011710628867
0.0017198323039337993
0.0032297365833073854
0.0027395435608923435
0.0023548342287540436
0.0020590692292898893
0.0018343960400670767
0.001667445176281035
0.0030955239199101925
0.0026292421389371157
0.0022643159609287977
0.001984603004530072
0.0017728788079693913
0.001616106485016644
0.002960831392556429
0.0025190936867147684
0.0021744256373494864
0.0019110998837277293
0.0017125738086178899
0.0033531892113387585
0.0028221511747688055
0.002406324725598097
0.002083014464005828
0.001836958690546453
0.0016522842925041914
0.0031855900306254625
0.0026861769147217274
0.002296216320246458
0.0019942002836614847
0.001765287946909666
0.0015942652244120836
0.0030218753963708878
0.0025538038462400436
0.0021894401870667934
0.0019084182567894459
0.001696372521109879
0.0015387525781989098
0.0028629163280129433
0.0024256978649646044
0.0020865623373538256
0.0018261503428220749
0.0016305858734995127
0.003231459530070424
0.002713784109801054
0.00230580335482955
0.001990505261346698
0.0017495246138423681
0.0015694432659074664
0.0030530677177011967
0.0025699834804981947
0.002190567785874009
0.001898499671369791
0.0016764231259003282
0.0015113481786102057
0.0028813292738050222
0.0024319274816662073
0.0020804035011678934
0.0018109793309122324
0.001607197686098516
0.0014565186575055122
0.0027170442044734955
0.002300310879945755
0.001975694904103875
0.0017280984902754426
0.001541863544844091
0.0030483971349895
0.0025565552059561014
0.0021722253877669573
0.0018742936663329601
0.0016482273349538445
0.0014792528236284852
0.002858934924006462
0.002405063482001424
0.002051758812740445
0.001779278740286827
0.0015736971981823444
0.001420984510332346
0.0026801815256476402
0.002262590918689966
0.001938879257068038
0.0016906174132600427
0.0015043974854052067
0.0013670057523995638
0.0025122608058154583
0.002129173604771495
0.001833595335483551
0.0016082552028819919
0.0014402976958081126
0.002806550357490778
0.002358259167522192
0.0020072029437869787
0.0017376570031046867
0.0015334306517615914
0.0013821845641359687
0.0026254476979374886
0.0022140403743833303
0.001893371343612671
0.0016485141823068261
0.001464192639105022
0.0013285995228216052
0.0024559928569942713
0.0020795450545847416
0.0017876769416034222
0.001566059421747923
0.0014003892429172993
0.002735025715082884
0.002294772770255804
0.0019521383801475167
0.0016879831673577428
0.001488717389293015
0.0013408309314399958
0.0025469146203249693
0.0021455937530845404
0.0018347096629440784
0.0015965108759701252
0.0014180600410327315
0.0012865784810855985
0.0023727412335574627
0.0020079275127500296
0.001726812683045864
0.001512858783826232
0.0013537006452679634
0.0026384848169982433
0.002214767737314105
0.00188354158308357
0.0016297274269163609
0.001437866361811757
0.0012961765751242638
0.0024544214829802513
0.0020689356606453657
0.0017691926332190633
0.0015408550389111042
0.0013695324305444956
0.001243931008502841
0.0022843412589281797
0.0019347094930708408
0.001664398587308824
0.0014598118141293526
0.0013074810849502683
0.002531736623495817
0.00212516519241035
0.0018096003914251924
0.0015672064619138837
0.0013850672403350472
0.0012505080085247755
0.002347163623198867
0.0019794839899986982
0.0016956356121227145
0.0014791080029681325
0.0013176299398764968
0.0026053455658257008
0.0021809684112668037
0.0018488398054614663
0.0015938840806484222
0.0014008157886564732
0.0012579383328557014
0.002413007663562894
0.002028757007792592
0.001729655428789556
0.001501517603173852
0.001330082188360393
0.001204228843562305
0.0022365779150277376
0.0018897145055234432
0.001621333765797317
0.0014180339640006423
0.0012664657551795244
0.0024740451481193304
0.0020727936644107103
0.0017612087540328503
0.0015217146137729287
0.0013416605070233345
0.0012085490161553025
0.0022850618697702885
0.001923888921737671
0.0016449689865112305
0.0014321472262963653
0.0012733645271509886
0.0011569985654205084
0.0021133257541805506
0.001789118512533605
0.001540259923785925
0.001351862563751638
0.0012124533532187343
0.002333078533411026
0.001959611428901553
0.0016690685879439116
0.0014475249918177724
0.001281118718907237
0.001159011386334896
0.0021558913867920637
0.001820236211642623
0.0015607051318511367
0.0013642325066030025
0.001217910903505981
0.0023793629370629787
0.0019925173837691545
0.0016923141665756702
0.0014618310378864408
0.001288719940930605
0.0011609259527176619
0.0021918208803981543
0.0018450317438691854
0.0015774578787386417
0.0013735709944739938
0.0012216725153848529
0.001110569341108203
0.002022259868681431
0.0017122417921200395
0.0014745787484571338
0.0012949318625032902
0.0011622669408097863
0.0022271545603871346
0.0018710080767050385
0.0015943950274959207
0.001383799477480352
0.0012259675422683358
0.0011104302247986197
0.002053388161584735
0.0017346449894830585
0.0014886780409142375
0.0013028581161051989
0.0011648018844425678
0.00226068333722651
0.00189425318967551
0.0016103574307635427
0.0013928976841270924
0.0012299715308472514
0.001110064098611474
0.002078479388728738
0.0017512999475002289
0.0014993592631071806
0.0013078934280201793
0.0011656805872917175
0.0022907103411853313
0.0019165455596521497
0.0016247688326984644
0.0014016414061188698
0.0012334990315139294
0.00110970891546458
0.0021051934454590082
0.0017706608632579446
0.0015114347916096449
0.0013146349228918552
0.0011676561553031206
0.0010604431154206395
0.0019378572469577193
0.0016396784922108054
0.0014102580025792122
0.001237491611391306
0.0011096420930698514
0.00212786253541708
0.0017856444464996457
0.001521192491054535
0.0013192938640713692
0.0011685770004987717
0.0010580922244116664
0.001953855622559786
0.0016494879964739084
0.0014158394187688828
0.0012389564653858542
0.0011080964468419552
0.002147527178749442
0.0017998479306697845
0.001529576489701867
0.0013235987862572074
0.0011690410319715738
0.0010557627538219094
0.0019715188536792994
0.0016618473455309868
0.0014227438950911164
0.001241953345015645
0.0011075478978455067
0.002165708690881729
0.0018115196144208312
0.0015370561741292477
0.001326751196756959
0.0011690763058140874
0.0010530023137107491
0.0019833354745060205
0.0016685795271769166
0.0014262215700000525
0.001242052880115807
0.0011052510235458612
0.002180515555664897
0.0018221860518679023
0.001542927697300911
0.0013293831143528223
0.0011685099452733994
0.0010501432698220015
0.0019968284759670496
0.0016779787838459015
0.0014310727128759027
0.001243745326064527
0.0011039174860343337
0.0010020197369158268
0.0018321158131584525
0.0015492626698687673
0.0013318684650585055
0.0011683356715366244
0.0010474259033799171
0.002006709575653076
0.0016833601985126734
0.0014337248867377639
0.001243386184796691
0.001101519213989377
0.0009977046865969896
0.0018373288912698627
0.0015510725788772106
0.0013316140975803137
0.0011657653376460075
0.001043314696289599
0.00201392755843699
0.0016880385810509324
0.001435131300240755
0.0012426888570189476
0.0010986262932419777
0.0009932954562827945
0.0018439575796946883
0.0015550674870610237
0.0013324653264135122
0.0011645283084362745
0.0010400174651294947
0.002019938314333558
0.0016905402299016714
0.0014357302570715547
0.0012409640476107597
0.0010953566525131464
0.00098850775975734
0.0018457428086549044
0.0015543458284810185
0.0013304657768458128
0.001160837011411786
0.0010352185927331448
0.002023254055529833
0.0016923296498134732
0.0014350569108501077
0.0012388587929308414
0.0010915868915617466
0.0009836021345108747
0.001848994055762887
0.0015558414161205292
0.0013295443495735526
0.0011583998566493392
0.0010311921359971166
0.002025277353823185
0.0016918376786634326
0.0014334818115457892
0.0012356388615444303
0.0010873699793592095
0.000978262280113995
0.0018473310628905892
0.0015525728231295943
0.0013257220853120089
0.0011534830555319786
0.0010256485547870398
0.0020248095970600843
0.0016908132238313556
0.0014307699166238308
0.001232074573636055
0.0010826269863173366
0.0009727998985908926
0.0018473239615559578
0.0015516809653490782
0.0013231235789135098
0.0011499534593895078
0.0010209481697529554
0.0009271135204471648
0.0016893197316676378
0.0014285085489973426
0.0012284397380426526
0.0010782054159790277
0.0009674665634520352
0.0018444744637236
0.0015475427499040961
0.001318722148425877
0.001144682988524437
0.0010152439353987575
0.0009208411793224514
0.0016837293514981866
0.0014223805628716946
0.0012224243255332112
0.0010717789409682155
0.0009608779801055789
0.0018393429927527905
0.0015427755424752831
0.001313276356086135
0.0011391228763386607
0.001009180210530758
0.0009145189542323351
0.0016795742558315396
0.001418186235241592
0.0012174281291663647
0.0010664501460269094
0.0009549914393573999
0.0018335527274757624
0.0015364433638751507
0.0013072517467662692
0.001132731675170362
0.001002758857794106
0.0009078180301003158
0.0016713851364329457
0.001410098746418953
0.0012100397143512964
0.0010590956080704927
0.000947820779401809
0.0018253696616739035
0.0015293709002435207
0.0013000976759940386
0.0011259546736255288
0.0009959181770682335
0.0009010520880110562
0.0016646122094243765
0.001403974136337638
0.0012036212719976902
0.001052791136316955
0.0009413171792402864
0.0018165152287110686
0.001520763267762959
0.0012924448819831014
0.0011184493778273463
0.0009887568885460496
0.0008939409162849188
0.0016539969947189093
0.0013940909411758184
0.0011949107283726335
0.0010445555672049522
0.0009336499497294426
0.001805784530006349
0.0015117552829906344
0.001283871242776513
0.0011106805177405477
0.000981246354058385
0.0008867522701621056
0.0016448054229840636
0.001386136980727315
0.0011872109025716782
0.0010374243138357997
0.0009266159613616765
0.0017943148268386722
0.0015011511277407408
0.0012747773434966803
0.0011021650861948729
0.0009734284831210971
0.0008792666485533118
0.0016319864662364125
0.001374626299366355
0.0011773556470870972
0.0010283761657774448
0.0009184374357573688
0.0017810174031183124
0.0014902015682309866
0.0012647842522710562
0.0010934043675661087
0.0009652738808654249
0.0008717160089872777
0.001620698836632073
0.0013651243643835187
0.0011685380013659596
0.0010204565478488803
0.0009109063539654016
0.0017670843517407775
0.0014777708565816283
0.0012543308548629284
0.0010839481838047504
0.0009568663663230836
0.0008638937724754214
0.0016059221234172583
0.0013521615182980895
0.00115763780195266
0.0010107067646458745
0.0009022698504850268
0.001751543371938169
0.0014650925295427442
0.0012430741917341948
0.0010742992162704468
0.0009481114102527499
0.0008559664129279554
0.001592499203979969
0.001341037219390273
0.0011476591462269425
0.0010020012268796563
0.0008942828862927854
0.0017354257870465517
0.0014510400360450149
0.0012314282357692719
0.0010639961110427976
0.0009391357889398932
0.0008478256640955806
0.001575981150381267
0.0013268013717606664
0.0011358491610735655
0.0009916563285514712
0.0008852705941535532
0.0017178728012368083
0.0014368395786732435
0.0012190748238936067
0.0010535671608522534
0.0009299010853283107
0.0008396494667977095
0.0015609132824465632
0.0013144740369170904
0.0011250037932768464
0.00098234333563596
0.0008768817060627043
0.0016998450737446547
0.0014213640242815018
0.0012063691392540932
0.00104252970777452
0.0009204336092807353
0.0008311924757435918
0.001542653189972043
0.00129892083350569
0.0011122352443635464
0.0009713670006021857
0.0008674720302224159
0.0016802435275167227
0.0014055821811780334
0.0011928986059501767
0.0010313157690688968
0.0009106812067329884
0.0008227125508710742
0.001525835134088993
0.0012852689251303673
0.0011004549451172352
0.0009614102309569716
0.000858725921716541
0.0016604735283181071
0.0013888160465285182
0.001179198268800974
0.0010196460643783212
0.0009008136112242937
0.0008140450809150934
0.0015062466263771057
0.0012687892885878682
0.0010870257392525673
0.0009499805746600032
0.0008490424370393157
0.0016393141122534871
0.0013718761038035154
0.001164912129752338
0.0010078534251078963
0.0008907158044166863
0.0008053586934693158
0.0014880006201565266
0.0012540770694613457
0.0010745051549747586
0.0009395597735419869
0.000840027176309377
0.0016181187238544226
0.0013540589716285467
0.0011505031725391746
0.000995695241726935
0.0008805253310129046
0.0007965625845827162
0.0014673825353384018
0.001236849813722074
0.0010605420684441924
0.0009277916979044676
0.000830146367661655
0.001595663488842547
0.0013361057499423623
0.0011354581220075488
0.0009833667427301407
0.0008700655307620764
0.0007876704912632704
0.0014478163793683052
0.0012211337452754378
0.0010473472066223621
0.0009169140830636024
0.000820816436316818
0.001572855981066823
0.0013171262107789516
0.001120207947678864
0.0009706339915283024
0.0008595591061748564
0.0007787033682689071
0.0014260236639529467
0.0012030702782794833
0.001032773987390101
0.0009047602652572095
0.0008107572211883962
0.0015492053935304284
0.0012982665793970227
0.001104553695768118
0.0009579351753927767
0.0008489076280966401
0.0007697514956817031
0.0014055981300771236
0.001186713925562799
0.0010191862238571048
0.0008936335216276348
0.0008013456827029586
0.001525667030364275
0.001278795418329537
0.0010889266850426793
0.0009449711069464684
0.0008382399682886899
0.0007607165607623756
0.0013830509269610047
0.001168165123090148
0.001004272373393178
0.0008813014137558639
0.0007911836146377027
0.0015010072384029627
0.001259200507774949
0.0010727932676672935
0.0009319369564764202
0.0008274305146187544
0.0016325687756761909
0.0013606956927105784
0.0011503207497298717
0.0009895854163914919
0.0008694111020304263
0.0007812586263753474
0.0014751626877114177
0.00123799336142838
0.0010558932553976774
0.0009180955239571631
0.0008161989971995354
0.0016045519150793552
0.001338499248959124
0.0011321402853354812
0.0009750284370966256
0.0008574267267249525
0.0007714344537816942
0.0014511523768305779
0.0012189048575237393
0.0010402095504105091
0.000905438675545156
0.0008056772057898343
0.0015766031574457884
0.0013155422639101744
0.0011138878762722015
0.0009601159836165607
0.0008454152848571539
0.0007614927599206567
0.001424754853360355
0.0011973517248407006
0.0010230629704892635
0.0008915073121897876
0.0007944506942294538
0.001548008294776082
0.0012929285876452923
0.0010954366298392415
0.0009453953825868666
0.0008333596051670611
0.0007516490877605975
0.0014000770170241594
0.0011777887120842934
0.0010070896241813898
0.000878680672030896
0.0007838896126486361
0.0015194955049082637
0.0012696548365056515
0.0010769901564344764
0.0009304279228672385
0.000821346475277096
0.0007417963352054358
0.0013735000975430012
0.001156166777946055
0.0009899564320221543
0.0008647992508485913
0.0007727412157692015
0.001490511349402368
0.0012467651395127177
0.0010583946714177728
0.0009156151209026575
0.0008093016222119331
0.000731993408408016
0.0013483075890690088
0.0011362469522282481
0.0009737874497659504
0.0008518897229805589
0.0007621891563758254
0.0014615895925089717
0.001223235740326345
0.0010398027952760458
0.0009005923639051616
0.0007973097963258624
0.0007222023559734225
0.0013215320650488138
0.0011145931202918291
0.0009566647349856794
0.0008381095249205828
0.0007511571748182178
0.0014324119547381997
0.0012001610593870282
0.0010211238404735923
0.0008857978391461074
0.0007853501010686159
0.0007125421543605626
0.0012962128967046738
0.0010945908725261688
0.0009405049495398998
0.0008252529660239816
0.0007406989461742342
0.0014033605111762881
0.0011766423704102635
0.0010025477968156338
0.0008708513341844082
0.0007734363898634911
0.0015237795887514949
0.001270220265723765
0.0010736053809523582
0.0009239350911229849
0.0008119554840959609
0.0007301035802811384
0.001375074964016676
0.0011543597793206573
0.0009846081957221031
0.0008566664764657617
0.0007620255928486586
0.001491609145887196
0.0012441364815458655
0.001053050858899951
0.0009074413683265448
0.000798886816482991
0.0007195319049060345
0.0013450892874971032
0.0011301902122795582
0.0009656164329499006
0.0008414880721829832
0.0007500088540837169
0.0014588742051273584
0.0012183662038296461
0.001032321248203516
0.0008911439217627048
0.0007858487078920007
0.0007091687875799835
0.0013169975718483329
0.0011080469703301787
0.0009478179854340851
0.0008274352876469493
0.0007387303630821407
0.0014266598736867309
0.001192370429635048
0.00101192737929523
0.0008748602704145014
0.0007730145007371902
0.0006988734821788967
0.0012875025859102607
0.0010843736818060279
0.0009292340837419033
0.0008126545581035316
0.0007270810892805457
0.0013945074751973152
0.0011670758249238133
0.0009916365379467607
0.00085891765775159
0.0007602948462590575
