0.6931471805597412
0.6885035991271035
0.6839918388004251
0.6796077710297891
0.6753474429315468
0.4951573808253274
0.4639044664246953
0.39160769654521754
0.3564377090780777
0.3441786977027054
0.33272093331084784
0.3286285367201888
0.3273306200579806
0.3269423619922923
0.32478884526768653
0.32469367406197625
0.3227791168174665
0.324823409025883
0.32232040500322623
0.32395754445418184
0.32204138481478356
0.3220119001791316
0.32205865958133134
0.32175018800907296
0.3216162829373649
0.32144468207235866
0.3213784317967983
0.32129044278235325
0.321258155149668
0.3211482890127968
0.32108848600946455
0.32080351580030037
0.3208283419230855
0.3206624221810944
0.3206188771425589
0.3205843383686653
0.32051702865732423
0.32041870956617646
0.3203370363171863
0.32029678160066233
0.32025480644904647
0.32022115599041695
0.32015877796513487
0.3369725882227998
0.323932459065494
0.33224101028873626
0.3200552589078033
0.3200403967142899
0.3200329465875235
0.3199993776949206
0.3199709428960845
0.3199226152821153
0.3199378447281319
0.3198650629661048
0.3198524429974136
0.31989127297803027
0.319805112538848
0.31977734185437245
0.31971269459820845
0.3196775383775212
0.31965540694200834
0.3196421334171931
0.3196258076591927
0.31953366296478686
0.319485502536304
0.31942028950043355
0.3194029187278923
0.3193775915999774
0.3194150083104779
0.31936193340218577
0.31935500910016323
0.3199462713196764
0.3193121763592718
0.3193067754931411
0.31929174178706515
0.31928695632839826
0.31927359033489744
0.31926366936459544
0.31924103371860996
0.3192093666203435
0.3193222935294847
0.31919238457460924
0.3191893050947855
0.31926716813879746
0.31918243263079193
0.3191808660952835
0.31915824126255876
0.3191499303707499
0.31915158771622537
0.31913142470273054
0.3191488762170896
0.3191173510988928
0.31911207831394733
0.3191095663164803
0.3190940340448613
0.31909080802142503
0.3190796659141717
0.31907471294437006
0.3190624107579503
0.31912781448602023
0.31904846681790416
0.31904334682676744
0.31906162906292007
0.31901887603989953
0.3190178228059733
0.3190247224139533
0.3190082507527134
0.3190000685185218
0.3189843391787585
0.31896818768337004
0.3190312128161874
0.318962054358804
0.3189614487946812
0.3189580540339038
0.3189542820900278
0.31894298288821593
0.3189403569911874
0.3189463464627212
0.3189320143557094
0.3189308013958418
0.3189296501656363
0.31892861874740075
0.31892487973878453
0.3189204240299939
0.31891857611685526
0.3189153640445561
0.31891424692898246
0.31892629891695434
0.31890676027482023
0.3189048798929549
0.3188980010520125
0.3188967291006813
0.3188949008178474
0.3188923708556039
0.3188906944763942
0.31888620397859596
0.31888276088453804
0.3188756169884468
0.31888697538857413
0.3188714442487148
0.3188709525917426
0.3188662685166086
0.3188633334108545
0.31885552125579336
0.31885302088106154
0.31885150856220523
0.3188481053073953
0.318847639317585
0.31884681767163137
0.3188455262684908
0.31883639092321364
0.31883734907326167
0.31885703729958165
0.31883024835639834
0.3188297790038399
0.3188286162740058
0.3188276101013493
0.3188240859175484
0.31882114556348606
0.3188597114213616
0.3188181924156403
0.31881769174985214
0.31881723701958536
0.31881658800747636
0.3188142858363378
0.31881149448783824
0.31884747101738037
0.31880896733339015
0.3188085700094803
0.318808069539206
0.3188069374615509
0.3188055614201366
0.31880205836394687
0.31883538162985214
0.3188002212929507
0.318799796743464
0.31879871600932985
0.31879767808610227
0.318799238727159
0.31879341811309003
0.3187928565584445
0.3187923055334787
0.3187916310093025
0.3187909740440668
0.31878974643642777
0.31878832700336995
0.3187930022391855
0.3187849074987374
0.3187844396144763
0.318883300536438
0.31878379417770486
0.31878359006863
0.31878177226606735
0.31878090029749256
0.318779377880169
0.31877853274523443
0.31877820255694406
0.31877762179907615
0.31878080831060013
0.31877678873441023
0.3187765249039452
0.31877613172973773
0.3187751741342004
0.31877507259261467
0.3187743633784366
0.31877339466927035
0.3187807681206467
0.3187723971962156
0.3187721404907831
0.3187717218634826
0.3187713010460012
0.318771213928338
0.3187682903246526
0.3187680995850595
0.31876777061709155
0.3187674283452599
0.31876649001054835
0.3188363930571804
0.31877213280206274
0.3190798304079631
0.3187638466774895
0.3187637039527907
0.3187634947200274
0.3187634068660649
0.31876305857141174
0.3187627533844262
0.31876209204124323
0.3187621641100285
0.31876114502089575
0.31876098552282306
0.31876160142920135
0.318760327522287
0.31876017020863345
0.3187598618830607
0.3187596521762935
0.3187590052722907
0.3187582541452035
0.31875873057494625
0.31875776659775473
0.3187577195675813
0.318757422903074
0.3187570890732645
0.3187565111814947
0.31875625689150633
0.31875502205737244
0.3187996160220131
0.31875401948071785
0.3187538755994795
0.31875351449221706
0.3187531679786636
0.3187530059684181
0.3187519455837371
0.3187539560257678
0.3187514384020062
0.3187512174167796
0.3187507337475784
0.3187521004122056
0.3187503777174461
0.3187502620004228
0.3187498291324386
0.3187495412698378
0.31874922076796486
0.31874890121921906
0.31876347142880807
0.3187483474637951
0.31874816523642885
0.3187467761368975
0.31874626981165444
0.31874523520742315
0.3187444871547213
0.31874396984081393
0.3187489426008486
0.3187434435442559
0.3187433662548999
0.31874292539292753
0.3187423837936916
0.31874157315901386
0.31873933808911287
0.3187421429563074
0.318739546090757
0.31873947632501026
0.31873890286551265
0.31873812871174345
0.3187375945501037
0.318737311677372
0.3187371734300654
0.3187367118497251
0.31873614621272156
0.3187340818623266
0.3187342986989168
0.31873429829958366
0.3187342647137168
0.31873407219355
0.3187337951686988
0.3187329672889302
0.3187321269782351
0.31873188804497704
0.3187320414334269
0.31873204538807887
0.3187318670560496
0.31873157222296217
0.3187321163355745
0.31873042382262484
0.31873000520393463
0.31872974828108364
0.3187295780169991
0.3187282603054995
0.3187287903745739
0.3187287183882292
0.3187285326458066
0.31872843194953365
0.3187275940844995
0.3187279240108505
0.31872790268255896
0.3187276919932977
0.3187331802153093
0.3187272266144403
0.3187270229746762
0.3187264462707994
0.31872603424701046
0.31872623582268883
0.31872574542959586
0.31872522010357196
0.3187249158309661
0.31872478574220864
0.31872432779482324
0.31872402814576545
0.318723936125717
0.3187238748249924
0.31872384836237866
0.3187236635665776
0.3187236762033651
0.31872338209597717
0.318723360398585
0.31872310227090894
0.318722938199938
0.3187226136254388
0.3187225020455477
0.31872194957411665
0.31872182371572305
0.3187219216411388
0.3187219139139431
0.3187217976269375
0.3187217424624678
0.31872170348577067
0.31872195474066917
0.31872219521595524
0.31872172417463507
0.318721723902188
0.31872171766960106
0.31872171818271744
0.318721748945831
0.31872165822597087
0.3187216248055216
0.31872142008199267
0.31872143574093065
0.31872145061065255
0.31872144166095306
0.3187214405015231
0.3187212966315382
0.3187213066133777
0.3187212985323524
0.3187212518412376
0.3187210582515551
0.3187210702645475
0.31872104550225033
0.3187209316934748
0.31872076310965325
0.31872751979805314
0.31872047810643567
0.3187204396741492
0.3187203541450185
0.3187203135889927
0.31872007580159856
0.3187201752671316
0.3187201716923541
0.3187201449064204
0.31872013971466506
0.3187199510150155
0.3187198656940391
0.31871977214098046
0.31871940786019
0.3187196087297377
0.3187195847201466
0.318719414890581
0.3187194540141073
0.3187194606808416
0.3187191927589023
0.31871908146965816
0.3187189435992603
0.3187191910040578
0.31871883511952853
0.3187188157179776
0.3187186772271996
0.3187185941766464
0.31871852493171104
0.3187184733740658
0.31871828208237657
0.318718344283516
0.3187183440838019
0.3187183246206118
0.3187182804131626
0.318718175331607
0.3187181141618656
0.3187220859007678
0.318718139620682
0.3187181577110781
0.31871821903211317
0.3187184442809847
0.3187182234206321
0.31871819890678826
0.31871810994167454
0.3187180500752149
0.31871804512248775
0.31871809333993567
0.3187180070099339
0.31871801524209165
0.31871802153997797
0.3187180197049968
0.3187180126664462
0.31871796133435626
0.3187179112260548
0.31871786699784355
0.318717776621725
0.31871779842818204
0.31871781077710953
0.3187178128745365
0.31871781525043896
0.31871773211488874
0.31871775203481734
0.318717750542314
0.31871773969031447
0.31871770685333894
0.31871766117086103
0.3187176109829501
0.3187176113100107
0.31871758632017666
0.3187175764699468
0.31871756930719153
0.31871752974557593
0.3187174957269856
0.31871747466557676
0.3187174338075766
0.31871741058623165
0.31871742090761673
0.31871742211029047
0.3187174190834691
0.3187174115181415
0.31871740640189455
0.3187173246652114
0.31871735256407613
0.3187173634198593
0.3187173556280149
0.3187173484171524
0.3187173402729906
0.3187173212973644
0.3187172913617818
0.3187173815779811
0.318717278692345
0.31871728123233084
0.31871728661079285
0.3187172819544269
0.3187172648350675
0.3187172233921347
0.31871720233751694
0.3187171834533373
0.3187171199103775
0.3187171514792636
0.3187171585157412
0.31871726719603627
0.3187171531044675
0.31871714269730833
0.31871714130998163
0.3187171359907881
0.3187171360162033
0.31871712740385477
0.31871712607065755
0.3187171162653691
0.3187171103867884
0.31871709795159037
0.31871708729395287
0.3187170655079879
0.31871705500955316
0.31871705648016163
0.31871705669935657
0.3187170565265333
0.3187170628409292
0.31871705373707493
0.31871705295912844
0.31871704991674726
0.3187170483137134
0.3187170411551549
0.31871703463970386
0.3187170273431493
0.31871701877346326
0.31871701321365786
0.3187170114919426
0.31871700441165834
0.31871700083892124
0.31871699191670627
0.3187169913164404
0.3187169878792587
0.31871698691156025
0.31871698487525074
0.31871698078621274
0.3187169808478294
0.31871697950084016
0.31871697600211424
0.31871697137322774
0.3187169756616022
0.318716965015026
0.3187169641835728
0.3187169595542017
0.3187169562803573
0.31871695309210546
0.3187169529778231
0.318716953181042
0.3187169518374801
0.3187169491087196
0.3187169451329516
0.31871694868924233
0.31871694361582736
0.3187169433290134
0.31871694231455533
0.31871694017302465
0.3187169337999489
0.31871693293189485
0.3187169364043767
0.3187169324534285
0.3187169323253162
0.318716932132044
0.3187169319762909
0.31871693128073125
0.31871693104208787
0.3187169305344381
0.31871693048815886
0.31871693017212
0.318716930022936
0.31871692986795963
0.31871692925203826
0.31871692898538395
0.3187169282486532
0.3187169271963369
0.3187169269750568
0.31871692484410635
0.3187169242539404
0.3187169235506163
0.3187169198432108
0.31871691859427476
0.3187169158425886
0.3187169150764886
0.31871691225337656
0.31871691123813417
0.3187169081818817
0.3187168995723064
0.3187169005982256
0.3187169001905981
0.31871689908746775
0.31871689664463093
0.3187168943544744
0.31871688953517774
0.3187168885439506
0.3187168867849631
0.3187168860298891
0.3187168752532536
0.31871687943420224
0.3187168790772132
0.31871687568614665
0.3187168723967132
0.318716868477592
0.318716865234326
0.31871685947720124
0.3187168547296687
0.3187168453744288
0.31871682774976406
0.3187168402421455
0.31871683898593245
0.3187168324708214
0.31871682012565944
0.3187168151316168
0.3187168036673126
0.3187167854714032
0.31871679077744586
0.3187167903861373
0.31871678867363745
0.31871678498568234
0.3187167667863757
0.31871676857336906
0.31871676440899677
0.3187167647056425
0.3187167630954331
0.31871674475325595
0.3187167571854741
0.3187167570498351
0.3187167543898132
0.3187167527397947
0.31871674384460974
0.31871673592279515
0.3187167227760102
0.31871671061043344
0.318716707977122
0.3187167015413028
0.3187166929653293
0.3187166879210066
0.3187166807255075
0.3187166543834642
0.31871666207061194
0.3187166559546572
0.3187166536704953
0.3187166388307145
0.3187166317712673
0.31871663348713813
0.31871663010302187
0.3187166067121142
0.3187166201367463
0.31871662443536675
0.3187166189839634
0.3187166167749933
0.3187165871295412
0.3187166053570787
0.3187166045731753
0.31871659791118095
0.31871660216523756
0.31871660117670647
0.318716591605471
0.3187165903388893
0.3187165853294326
0.31871658261435987
0.31871657681758586
0.3187165584323416
0.31871657104440865
0.31871657711839596
0.3187165743782954
0.3187165747032254
0.318716575942525
0.31871657607400355
0.3187165788474162
0.3187165772194779
0.31871657624744393
0.31871657618009896
0.3187165761212752
0.3187165759012376
0.3187165757520939
0.3187165735491572
0.31871657024299366
0.3187165674542289
0.31871656764710704
0.31871656763645845
0.3187165671982513
0.31871656603142373
0.31871656272377685
0.31871655591136805
0.3187165484453399
0.3187165478959183
0.31871654802824084
0.3187165461678331
0.31871653398952754
0.3187165367029048
0.31871653509805087
0.3187165335088818
0.3187165279728651
0.31871652055420796
0.31871652102462167
0.3187165201385895
0.318716518379711
0.31871651719068284
0.3187165120317806
0.31871650397554835
0.31871649602758595
0.31871649581802525
0.31871649172420097
0.31871648749428616
0.31871648165996586
0.31871647988979773
0.31871647766311006
0.31871646442527274
0.31871646715224505
0.3187164681425839
0.3187164653759671
0.31871646927938413
0.3187164518975345
0.31871645490420786
0.3187164586178943
0.3187164538535479
0.3187164533969514
0.3187164485687437
0.3187164462683111
0.3187164272142864
0.31871643811567246
0.31871643755608137
0.31871642727817967
0.3187164309075142
0.31871642972159925
0.3187164260284737
0.3187164233625649
0.3187164161833738
0.3187164120924048
0.3187164065038385
0.3187164043599192
0.3187163995190456
0.3187163855500417
0.31871639340280766
0.3187163933981675
0.3187163926219739
0.3187163903005787
0.3187163880547424
0.31871637553093796
0.3187163764121009
0.31871637666414665
0.31871637031568495
0.31871637192036717
0.3187163713468359
0.31871636902199185
0.3187163657044812
0.31871635420824146
0.31871635337883486
0.3187163490127896
0.31871635220378725
0.31871635156945954
0.318716347396734
0.3187163468024498
0.31871634542996774
0.3187163438613982
0.3187163410860953
0.318716347022207
0.31871633999873417
0.3187163400003412
0.3187163389794871
0.31871633792368087
0.3187163367888026
0.3187163358261215
0.3187163344951476
0.3187163311523501
0.3187163308355951
0.31871633031994206
0.31871632802558064
0.3187163290824374
0.3187163290952365
0.3187163280016498
0.3187163260746789
0.3187163241550066
0.31871631620579066
0.31871631877489026
0.31871631802276496
0.31871631861688143
0.3187163143621883
0.3187163129032564
0.3187163097706468
0.3187163042605681
0.3187163065961345
0.3187163032817436
0.3187163032521658
0.31871630345137647
0.3187163029928846
0.31871630284283153
0.3187163023172099
0.3187163019945322
0.3187163014617005
0.3187163000815273
0.31871629817715236
0.3187162982363977
0.3187162980378947
0.3187162935808686
0.3187162958778833
0.31871629581418454
0.31871629175882465
0.3187162926725881
0.31871629173130955
0.31871627441101713
0.3187162885111414
0.3187162867306387
0.3187162863422874
0.31871628281367187
0.31871627930897073
0.318716261216075
0.318716264451453
0.3187162640481448
0.3187162626350734
0.31871626393982116
0.31871624138051263
0.31871624899251166
0.3187162504446446
0.3187162470286685
0.31871624617072475
0.31871623592832127
0.31871624259235465
0.3187162426894803
0.31871624110949853
0.31871624097915513
0.31871623588719267
0.3187162442475551
0.31871623775564556
0.31871623671241506
0.3187162411149198
0.3187162345284749
0.3187162345147208
0.31871623377097064
0.31871623306138863
0.3187162308791185
0.3187162272886182
0.31871622233369695
0.3187162226696752
0.3187162224485603
0.31871622102728037
0.3187162211565978
0.31871620186129845
0.31871621573289693
0.3187162151325505
0.3187162147258716
0.3187162145042072
0.3187162130586619
0.3187162119009197
0.31871620847475124
0.31871620951337615
0.3187162109596761
0.3187162098882667
0.31871620820154584
0.3187162053233851
0.3187162042228598
0.318716203340827
0.3187162026313963
0.3187162038360322
0.3187162030715121
0.31871620172128223
0.31871620379014987
0.31871620185118327
0.31871620168458625
0.3187162012532239
0.3187162010122449
0.3187162000448999
0.31871620004224427
0.318716199807148
0.3187161991075637
0.31871619845498134
0.3187161965988146
0.3187161975189097
0.3187161989797799
0.3187161972503643
0.31871619686514785
0.3187161970271121
