0.5231552878577244
0.5121228842928832
0.5017098323050342
0.49187679667201756
0.4825866088112226
0.4738042702212545
0.4654968877872655
0.4576335991136177
0.4501854729940584
0.44312544560582723
0.4364282094983142
0.43007012030248215
0.4240291077510858
0.4182845849885235
0.41281735750372095
0.4076095340702577
0.4026444402101719
0.3979065515599899
0.3933814030141144
0.38905552194547455
0.38491636575023813
0.3809522523426776
0.3771523006351817
0.37350637169339007
0.3700050260901919
0.36663946457170726
0.363401487886019
0.36028345449315335
0.35727823422126814
0.3543791795133857
0.35158008433160925
0.34887516551304054
0.34625901197123743
0.3437265821672776
0.3412731587954039
0.3388943339331434
0.3365859868950939
0.33434426216002655
0.33216555723004326
0.3300464929542851
0.32798391092077617
0.3259748549048269
0.32401654326614326
0.3221063809075876
0.3202419264677512
0.3184208913095402
0.31664113032147145
0.31490062383687933
0.31319748108757106
0.3115299196571292
0.30989626441310236
0.3082949473111982
0.30672448588208456
0.3051834853462504
0.3036706344420713
0.3021846993422451
0.30072451543250156
0.29928898573311147
0.2978770725552208
0.29648780281949116
0.29512025579454393
0.2937735587406489
0.2924468945400055
0.2911394835760719
0.2898505943183727
0.2885795369528066
0.28732564830682217
0.28608831774823695
0.28486694449451566
0.2836609823203372
0.28246990153335316
0.28129320423160464
0.28013041317152354
0.27898108270364086
0.27784479006400076
0.2767211250892059
0.27560970254632344
0.2745101613310351
0.27342215425639305
0.27234534888588025
0.27127943986097947
0.2702241221654711
0.2691791106557694
0.26814413832127404
0.2671189455201026
0.26610328871183875
0.2650969313110819
0.26409965241262956
0.2631112376988768
0.26213148504962513
0.2611601985596602
0.260197192218545
0.2592422879550237
0.2582953199146859
0.25735612062989466
0.25642453402037824
0.2555004161586004
0.2545836189133044
0.25367400364389314
0.2527714432020378
0.2518758102618669
0.2509869822068306
0.2501048427760102
0.24922928082522663
0.24836018902175758
0.24749745670602583
0.24664099368305273
0.24579069625525582
0.24494647454747945
0.24410824126423
0.24327590554980613
0.24244938742055325
0.241628604723673
0.24081347757639818
0.24000393425056757
0.23919990317704684
0.2384013059548504
0.2376080787442428
0.23682015694281963
0.23603747330821132
0.23525996555331266
0.2344875734191383
0.23372023929321714
0.23295790255514878
0.23220051253100618
0.2314480111602998
0.2307003429940784
0.2299574646714749
0.2292193185959486
0.22848586133255375
0.22775703968773373
0.22703281005564704
0.22631312887795244
0.22559795041016725
0.2248872276973888
0.22418092233159229
0.223478990016465
0.22278139237786113
0.22208808930287308
0.2213990392448765
0.22071420845625758
0.22003355624314527
0.2193570430544883
0.21868463896964893
0.21801630144568038
0.21735200291329096
0.21669170521675393
0.21603537194835434
0.21538297743724047
0.21473448339929704
0.21408985807580325
0.21344907500318364
0.21281209466356835
0.2121788916392026
0.2115494392315094
0.21092370232875415
0.21030165158219774
0.20968326097753606
0.20906850056040774
0.208457341297027
0.20784975441072054
0.20724571705713687
0.20664520279268803
0.20604817995153604
0.205454623816656
0.20486450787225366
0.20427781031427614
0.20369450064614883
0.2031145584327991
0.20253795395337074
0.201964667016548
0.20139467085528404
0.20082794042290178
0.20026445556905795
0.19970418906623236
0.1991471187243196
0.1985932239265519
0.1980424803203231
0.19749486535724672
0.1969503560784013
0.19640893212190377
0.19587056876739015
0.195335247500138
0.19480294324268269
0.19427363764687625
0.19374731059157915
0.1932239357593252
0.19270349847530652
0.1921859753929497
0.19167134734071026
0.19115959226226273
0.19065069013615707
0.19014462630175463
0.18964137248577892
0.189140916371538
0.1886432357433497
0.1881483111575927
0.18765612392567407
0.1871666596541984
0.186679894799308
0.18619581258929183
0.1857143932829681
0.18523561899224175
0.18475947065770473
0.1842859335254549
0.18381498923528547
0.18334661679708145
0.18288080282342897
0.1824175270501409
0.1819567767437603
0.1814985287398356
0.1810427710855135
0.18058948105973535
0.1801386512900264
0.17969025859679846
0.1792442920678304
0.17880072411557338
0.17835955235979292
0.17792074990449938
0.17748430865980433
0.17705020500553617
0.1766184297992213
0.1761889643511674
0.1757617948359144
0.1753369056523432
0.17491428600786232
0.17449391317809135
0.17407577483246753
0.17365985841456918
0.17324614501602095
0.17283462404365882
0.17242528025978174
0.1720180995804194
0.17161306538907475
0.17121016555135107
0.17080938400867327
0.17041070958526264
0.17001412738012914
0.16961962288737673
0.16922718173167753
0.16883679386190195
0.168448440763914
0.16806211329043294
0.16767779591923002
0.16729547475831982
0.16691513860317422
0.1665367762972316
0.1661603734708669
0.16578591621546243
0.1654133941449045
0.16504279193908303
0.16467409542362485
0.1643072995620853
0.16394238350147425
0.16357934118827602
0.16321815751131022
0.16285882291604567
0.16250132278620263
0.16214564358215963
0.16179178062480135
0.16143971647028602
0.16108943870417383
0.1607409407132037
0.1603942092229584
0.16004923053217382
0.15970599479344497
0.1593644906362158
0.15902470729642373
0.15868663656083762
0.15835026309142639
0.15801557626020332
0.15768257013719741
0.15735122818571565
0.15702154237247926
0.15669350394697765
0.1563671007484649
0.1560423210005958
0.15571915611118117
0.15539759525282462
0.1550776299755606
0.15475924879057187
0.15444243824751222
0.15412719156884483
0.15381350328480406
0.1535013579064272
0.1531907439038073
0.15288165735862483
0.1525740874016531
0.1522680225290539
0.15196345715209084
0.15166037695432952
0.1513587733956708
0.15105864038747754
0.15075996218729423
0.15046273690283465
0.1501669518365882
0.14987259842768966
0.14957966996694635
0.14928815465130466
0.14899804987584395
0.14870933839897463
0.14842201477866848
0.148136073193919
0.14785150112267217
0.1475682941448566
0.1472864401041394
0.147005932957921
0.14672676560127482
0.14644892295700154
0.14617240541929502
0.14589719873520882
0.14562329849914488
0.14535069376638923
0.14507938030446402
0.14480934786623836
0.14454058841475628
0.14427309468616453
0.14400685972800284
0.14374187459727053
0.14347813102822496
0.1432156232740975
0.14295434284137196
0.1426942847602756
0.14243543997212801
0.14217780073218314
0.14192136024601368
0.14166610977336333
0.14141204358127477
0.1411591522987843
0.14090743350484994
0.14065687427098492
0.1404074754794474
0.1401592227985032
0.13991211260718242
0.13966613690592147
0.13942128908797954
0.13917756288152758
0.13893495281636212
0.1386934470331773
0.13845304480840073
0.13821373886513247
0.1379755221295688
0.1377383892345839
0.13750232787442504
0.1372673345257898
0.13703340562432711
0.13680053638838405
0.13656871568886816
0.13633793996683694
0.13610820132315546
0.135879495867492
0.13565181619022768
0.13542515579261902
0.13519950998435834
0.1349748745337849
0.13475124033977773
0.13452860056826513
0.13430695086356756
0.1340862886660429
0.13386660268189657
0.1336478911475714
0.13343014607784157
0.1332133650221584
0.13299753737189898
0.13278266178560535
0.13256873095857882
0.13235574169544864
0.1321436870943837
0.13193255730326206
0.13172235619473868
0.1315130725979757
0.1313046986269514
0.1310972375014368
0.13089067893079945
0.13068501371340832
0.13048024524442645
0.13027636016741237
0.13007336007769613
0.12987123510167106
0.12966998398111354
0.12946960237807073
0.12927008096160378
0.1290714192860898
0.12887360562722386
0.12867664157501882
0.12848052173578142
0.12828523752842388
0.12809078948584599
0.127897169670707
0.12770437418261296
0.1275123955018457
0.12732123258259223
0.12713088122264068
0.12694133558821244
0.12675258988692187
0.1265646429409167
0.1263774862933175
0.126191119321333
0.12600553354110747
0.12582072540933978
0.12563669491834203
0.12545343333469614
0.12527093952044596
0.12508920851077113
0.12490823310915003
0.12472801332600555
0.12454853876909691
0.12436981313886561
0.12419182390463943
0.12401457462929602
0.12383805600085493
0.12366227177807784
0.1234872093247257
0.123312867718857
0.12313924398588702
0.12296633527246068
0.12279413341283082
0.12262263812621202
0.12245184154481184
0.12228174474264666
0.12211234008767982
0.12194362544722223
0.12177560077616115
0.12160825580503928
0.12144158918356443
0.12127560047831401
0.12111028303873131
0.12094563129756888
0.12078164676195655
0.12061832281719845
0.12045565342375106
0.12029363963765535
0.12013227481522412
0.11997155831539622
0.11981148329222305
0.11965204834750845
0.1194932520567438
0.11933508676083934
0.11917755251859638
0.11902064442437602
0.1188643583150801
0.11870869221417132
0.11855364380438907
0.11839920645577331
0.1182453804015596
0.11809216066696235
0.11793954321381708
0.11778752628484798
0.11763610684143752
0.11748528231552727
0.11733504567549677
0.11718539857817958
0.1170363378763368
0.1168878564985256
0.11673995416637048
0.11659262632616649
0.11644587170784557
0.11629968830359635
0.11615406822736593
0.11600901259092408
0.11586451879123824
0.11572058369291924
0.11557720210321118
0.11543437381601881
0.11529209233990892
0.1151503570826852
0.11500916699095506
0.11486851636795206
0.11472840698949535
0.11458882870178774
0.11444978455597313
0.1143112687526702
0.11417327935799218
0.11403581688200895
0.1138988728937659
0.11376244846751213
0.11362654183673718
0.11349114611735087
0.11335626372689026
0.11322188832479305
0.11308802020819361
0.11295465053902451
0.1128217852695795
0.11268941639387833
0.11255754399668536
0.11242616536798802
0.11229527646987589
0.1121648752592426
0.11203496074460237
0.11190552922515859
0.11177657843564129
0.11164810484001855
0.11152010990430186
0.11139258461607962
0.11126553438929479
0.11113895041585073
0.11101283340593568
0.11088717920184374
0.11076198801402229
0.11063725664920968
0.1105129829149463
0.11038916401532076
0.11026579540486012
0.11014288034727784
0.11002041117833364
0.10989838925946785
0.10977681203038644
0.10965567642230836
0.10953497934024845
0.10941471887125462
0.10929489291232627
0.1091755008436753
0.10905653895445575
0.1089380071909499
0.10881990150715223
0.10870221882760298
0.10858496046864283
0.10846812154966698
0.1083517025126838
0.10823569874903352
0.10812010814367598
0.1080049295016152
0.10789016162571316
0.10777580270312989
0.10766185143005544
0.10754830344518632
0.10743515627705932
0.10732241049286637
0.10721006500340888
0.10709811440047531
0.10698655812558319
0.10687539542515226
0.10676462280330931
0.10665423883102906
0.10654424336809251
0.1064346303632738
0.10632540208513444
0.10621655644542452
0.10610808964660431
0.10600000198023532
0.10589229010791099
0.10578495090133458
0.10567798505148332
0.10557139032212257
0.10546516570603445
0.10535930731228196
0.10525381362736821
0.10514868439887473
0.1050439201401224
0.10493951421136852
0.10483546637752597
0.10473177574507095
0.10462844053525625
0.10452545817590977
0.1044228288378701
0.10432054876391458
0.10421861894770743
0.10411703505560424
0.10401579848689249
0.1039149032973107
0.10381435221414956
0.10371414078662897
0.10361426775876173
0.10351473258867969
0.10341553469638817
0.10331667083143134
0.10321813886378359
0.10311993983209086
0.10302206994647037
0.10292452879778316
0.10282731149329308
0.10273042117557915
0.10263385286776708
0.10253760900833184
0.10244168377964749
0.10234607745002758
0.10225079142158952
0.10215582103008816
0.10206116471954216
0.10196682292452733
0.10187279231749705
0.10177907202199668
0.10168566159927553
0.10159255897823513
0.10149976249416329
0.10140726983020296
0.10131508250706847
0.10122319729498777
0.1011316135571095
0.10104032755843403
0.10094933902565553
0.10085864879484543
0.1007682547992205
0.10067815391780291
0.10058834434122196
0.10049882742731822
0.1004096004939374
0.10032066357265304
0.10023201192046674
0.10014364676766832
0.10005556746102759
0.09996777311536945
0.09988026223693056
0.09979302821320932
0.09970607819914881
0.09961940470953898
0.09953301020807584
0.09944689050434477
0.09936104616758532
0.09927547686815749
0.0991901787549592
0.09910515105318699
0.099020393747667
0.09893590708192582
0.09885168705338646
0.0987677318179723
0.09868404476974671
0.09860062121181382
0.09851745998398173
0.09843456103865392
0.09835192383500727
0.09826954719001665
0.09818742688144586
0.09810556506537113
0.09802395909355363
0.09794260758107012
0.09786151090087655
0.09778066679027922
0.09770007288904883
0.09761973078434058
0.09753963851494987
0.09745979541062186
0.09738019929953065
0.09730084949462833
0.0972217481092861
0.09714288885460329
0.0970642714285537
0.09698589711212799
0.09690776292062184
0.09682986928369366
0.09675221346149518
0.09667479701668327
0.09659761900450334
0.09652067504866066
0.09644396590553558
0.09636749256384061
0.09629125131403496
0.09621524054969452
0.0961394632818093
0.09606391422533125
0.0959885929748712
0.09591350325837675
0.09583863827049668
0.09576399983997011
0.09568958598621838
0.09561539683944828
0.09554142946015395
0.09546768539656306
0.09539416363130074
0.0953208617395929
0.09524778010390847
0.09517491687724713
0.09510227097912291
0.09502984255926358
0.09495762812731032
0.09488562894886168
0.09481384493298775
0.09474227367660207
0.0946709146256878
0.09459976693680469
0.09452883007583249
0.09445810194870549
0.09438758331431799
0.09431727350394656
0.09424716973693234
0.09417727271303003
0.09410757898060859
0.09403809247846587
0.09396880760761925
0.09389972591177434
0.09383084674136957
0.09376216841573745
0.09369368874147163
0.09362541016367684
0.09355733114958767
0.09348944822131258
0.09342176382046422
0.09335427502032453
0.09328698292119456
0.0932198818973424
0.09315297624200317
0.09308626366081421
0.09301974337620214
0.09295341471281862
0.0928872757746004
0.09282132785146377
0.09275556925630826
0.09268999642864403
0.09262461414723708
0.09255941756802413
0.0924944035385126
0.09242957832158402
0.09236493591765807
0.09230047860761745
0.09223620320314926
0.09217211202330403
0.0921082008233429
0.09204446963768756
0.09198092125708582
0.09191755084119116
0.09185435850555354
0.09179134493999999
0.09172851038763277
0.09166585069740577
0.0916033668666689
0.09154105678072058
0.09147892067343524
0.09141696039366701
0.09135517278998481
0.09129355774959494
0.09123211286980401
0.09117084090040148
0.09110973854130824
0.09104880618436315
0.09098804136062319
0.09092744737113365
0.0908670194852321
0.09080675666974533
0.09074666303444431
0.0906867331354961
0.0906269710465645
0.09056737052102001
0.09050793457707959
0.09044866077206806
0.09038955081438346
0.0903306014599641
0.09027181298047557
0.09021318451919016
0.09015471824403162
0.09009640962965001
0.09003826058462441
0.08998026805043166
0.08992243582937173
0.08986475766815441
0.08980723715564762
0.08974987044974389
0.0896926603960895
0.08963560544055835
0.08957870290376305
0.08952195347217692
0.08946535704177891
0.0894089099748803
0.0893526170146258
0.08929647440437896
0.08924048196088699
0.08918463908318583
0.08912894531582391
0.08907340094707081
0.08901800402379631
0.08896275495845765
0.08890765008215987
0.08885269230756718
0.08879788228099275
0.08874321408461336
0.08868869287652545
0.08863431561647131
0.08858008237963963
0.08852599165483824
0.08847204183149884
0.08841823568824367
0.08836456968875198
0.08831104481612792
0.08825766044994124
0.0882044159366133
0.08815130956357833
0.088098341587694
0.08804551063881225
0.08799281900155217
0.08794026596417634
0.08788784799501129
0.087835564952056
0.08778341834354755
0.08773140671649063
0.08767952840646862
0.08762778559338316
0.08757617557450556
0.08752470043046282
0.08747335477417104
0.08742214362901693
0.08737106386349644
0.08732011493972255
0.08726929615777337
0.08721860593664968
0.0871680474199342
0.08711761871972565
0.08706731729245795
0.08701714377695499
0.08696709896439589
0.08691718004896962
0.08686738902071942
0.08681772308883981
0.08676818365611685
0.08671877049098728
0.0866694800698152
0.08662031697667796
0.08657127498890058
0.08652235676399564
0.08647356126250202
0.08642488796229933
0.08637633860070723
0.08632791140292242
0.08627960313728292
0.08623141693642919
0.08618335102496258
0.08613540574937542
0.08608757815362475
0.08603987109287406
0.0859922823454384
0.08594481164326914
0.08589745743897534
0.08585022082227392
0.08580310239721275
0.08575610106588663
0.08570921470691525
0.08566244551211169
0.08561578900985858
0.08556924769745897
0.08552282118654461
0.08547650917726171
0.08543031088926031
0.08538422601262943
0.08533825156061767
0.08529239167626326
0.08524664460861778
0.08520100599444083
0.08515548094263756
0.08511006658114631
0.0850647611147766
0.08501956602342278
0.08497448179199055
0.08492950611382064
0.0848846382515405
0.08483987930832507
0.08479522773441514
0.08475068586235027
0.08470625189461709
0.08466192186714636
0.08461769854473158
0.08457358206546986
0.08452956980622686
0.08448566506746627
0.08444186383994437
0.08439816852461021
0.08435457666339721
0.08431108916138311
0.08426770335504427
0.08422442155488527
0.08418124241140815
0.08413816669067384
0.08409519265443885
0.08405231902767898
0.08400954772614852
0.08396687756589624
0.08392430654666536
0.0838818383469471
0.08383946907840353
0.08379719812770989
0.08375502699024143
0.0837129568631845
0.08367098411974419
0.0836291101497331
0.08358733268051868
0.08354565340439532
0.08350407244255711
0.08346258707184082
0.08342119707119419
0.08337990471604609
0.08333870844032651
0.08329760822904655
0.08325660056381393
0.08321568876260174
0.0831748717459754
0.08313414986825693
0.08309352150046137
0.08305298572939993
0.08301254327226007
0.08297219396051217
0.0829319390168892
0.08289177401764733
0.08285170115144772
0.08281172085719443
0.08277183139275243
0.08273203305661356
0.08269232513745164
0.08265270964642782
0.08261318310198898
0.08257374523272751
0.08253439796137571
0.08249513993252802
0.08245597013519165
0.08241688880708728
0.08237789415804289
0.08233899153789723
0.08230017368478268
0.08226144517055459
0.08222280385535022
0.08218424670903127
0.08214577804386866
0.08210739459621366
0.08206909568434498
0.08203088550612628
0.0819927573444689
0.081954716767599
0.08191675933502598
0.08187888818157682
0.08184109945982762
0.0818033944020107
0.08176577468097415
0.08172823871537369
0.08169078248232917
0.0816534112543433
0.08161612463664539
0.0815789176232257
0.08154179415858595
0.08150475204165589
0.08146779055926875
0.08143091114214088
0.08139411297704877
0.08135739294050462
0.08132075740048281
0.08128419951955926
0.0812477206048964
0.08121132260062733
0.08117500174230871
0.08113876235730602
0.08110260129429189
0.08106651850334376
0.08103051389016222
0.0809945871500953
0.08095873775641574
0.08092296820311609
0.08088727276074478
0.08085165598170793
0.0808161145798971
0.08078064905591645
0.08074526248345273
0.08070995219344165
0.08067471707710769
0.0806395567128553
0.0806044714589085
0.0805694610450445
0.08053452449793355
0.08049966540654838
0.08046487726995008
0.08043016562416708
0.0803955258081456
0.08036095990972528
0.08032646909396693
0.08029205035933165
0.08025770547928593
0.08022343065682355
0.08018923189181906
0.08015510292086783
0.08012104741141365
0.08008706296773407
0.08005314959706675
0.08001930564272566
0.07998553621983423
0.07995183293431121
0.07991820335494984
0.07988464351465357
0.07985115380219765
0.07981773400688369
0.079784384060123
0.07975110343289277
0.07971789181627431
0.07968475097774311
0.0796516783791989
0.07961867248880919
0.07958573489132514
0.07955286422670621
0.07952006265680533
0.07948732935969668
0.07945466522335004
0.07942206543971062
0.07938953504167845
0.07935706871656267
0.07932467024942433
0.07929234029937937
0.07926007271697347
0.07922787252152785
0.07919573949866132
0.07916367272523783
0.07913166979192782
0.07909973298826545
0.07906785864081392
0.07903604983395379
0.07900430729790628
0.07897262776727446
0.07894101351029181
0.07890946213592082
