0.6931471805599227
0.6821147769950816
0.6717017250072326
0.661868689374216
0.652578501513421
0.5083652643137588
0.3903085133485705
0.3161291636531482
0.24855642906548964
0.23930850012477492
0.22714661453320298
0.2521741816971706
0.2347541557327968
0.21244158601898186
0.20910568214432695
0.20447733282185496
0.2027879168002756
0.1975588379871483
0.19549737612144158
0.19371872740596582
0.19258596555703955
0.19050643138467752
0.18787273057185408
0.1969724699967856
0.18429456560885402
0.18348151663233442
0.18785735611919624
0.18278187577962526
0.18253324657763823
0.18123884605185675
0.180387287441497
0.1800360604314765
0.17858638820553607
0.17786142109891273
0.1773794874227257
0.17630932605258767
0.17593745737395772
0.1766310715425378
0.18021849863036216
0.1816550898846051
0.17278228244141897
0.17650159122018158
0.1725870601892603
0.17253725633411623
0.1709073279889407
0.17029513663105703
0.16982418184728362
0.16936622882982524
0.16904551542027682
0.1688351485699201
0.16866131105449503
0.17162795688699717
0.16777113102775032
0.16757305220584462
0.16739340085485246
0.16706502251455896
0.16677769029708286
0.16660769642416937
0.1664937207173756
0.16637631627055569
0.16598283372082295
0.16564903704453518
0.16523756066414508
0.164933221688619
0.16476329093303543
0.1646791612770181
0.16456927151364775
0.16422752156650847
0.16401198941790357
0.16460661142826782
0.16374430597908532
0.16363890544768808
0.16358469700560022
0.16324269253765794
0.16397852475363003
0.1629231434258618
0.1628704411337084
0.1628200461026471
0.16269357933811968
0.16244673519653818
0.16218636235169542
0.16213887740976
0.16200895040030555
0.16198911609181857
0.1619077193626227
0.1617974578607663
0.16183050863238588
0.1614617162062261
0.1614165391994232
0.1614484126084939
0.1612636076607095
0.16123350619587043
0.16107706374047623
0.16100667267395025
0.1608664940988708
0.16056871216392415
0.16145135352340734
0.16048720229135596
0.16047067371686433
0.1604489259372969
0.16036481831280242
0.1601209018939173
0.15996195806597424
0.15980568849172538
0.15957535572815496
0.15952926505326467
0.15949507925542816
0.15942708043675588
0.16014478300796853
0.15917557617263098
0.15913338479923053
0.15904992570603002
0.15889360930335913
0.15889991382246296
0.15888062443957893
0.15881356356412302
0.1587782446132211
0.15858950704565594
0.15859194463434567
0.1586076000014042
0.15879557594355087
0.15852616447080428
0.1584868183233905
0.15842231969386655
0.1583965282084183
0.1582806361553184
0.15819898295986287
0.15815662498531693
0.15815190588483044
0.15814959274095633
0.15847460040755396
0.15827973382362545
0.15809342007750699
0.15808994596464415
0.1583499583604623
0.15804267080431275
0.15802081993668596
0.15796870582786612
0.15794864281392332
0.15791214950287918
0.15787165667505165
0.15786199046680852
0.15780963552858587
0.15780435908416177
0.15784496549672555
0.15778060277008538
0.1577697287106302
0.15774608676870244
0.15773196429976358
0.1577120030603515
0.15768308888451096
0.1576646320418464
0.1576311598673997
0.1576851762604233
0.1576036067269075
0.15760103890572463
0.15759475236896953
0.15758946598967968
0.15785862122575936
0.15756036749996385
0.15755435837090706
0.15762314666671753
0.15755349592482876
0.1575454625628415
0.15750636758169545
0.15749567213664808
0.1574794710574446
0.15745766802953826
0.15744923819787068
0.1573995556142235
0.15738414558346642
0.15972609507616942
0.1573531897278368
0.15734659614005603
0.1573328644663637
0.15729560203917267
0.15729002704520914
0.15728370161548857
0.15726552287730697
0.1572558776131771
0.1572443629304253
0.15722609826051334
0.15715499202928232
0.157120068169827
0.15707394525874274
0.15701339293898486
0.15708162718076452
0.15699000349116402
0.15697410792574246
0.15688564172827038
0.1568444965177454
0.15675971938509978
0.15672821944357862
0.15674441469566602
0.15675515733985645
0.1567439866128821
0.15670577294753263
0.1566815860575157
0.15652676681471753
0.1565683018868907
0.15651011282412983
0.15650334586471407
0.15645187354263976
0.15649739931136666
0.15648660815640994
0.1564673686129473
0.15641373269363423
0.15638204235056016
0.1563605512143381
0.15634104486896058
0.15632936528552852
0.1562762642971069
0.15628242733175815
0.15629203568198735
0.15627804060619316
0.15626842099056082
0.1562595123252839
0.156201954913259
0.15621525703390224
0.15621165732767045
0.15619552110998672
0.15618238949035093
0.15616823080012443
0.15613493293256567
0.1560966453007432
0.1560706269567171
0.15604197182490903
0.15593360876085963
0.1559797907478921
0.15598736852839498
0.1559898139758131
0.15598581293096517
0.15596892600156018
0.15594183118707794
0.15589718960091742
0.15589894831790782
0.15589267467866996
0.15588919852900515
0.15585082515227047
0.1558399256776463
0.15582048302921295
0.1558113532446585
0.15580996299020922
0.1558129691506651
0.15580991397654959
0.15579503058833688
0.1557881770556562
0.15577432183907877
0.15575977512703948
0.1557577331039432
0.15575754866812702
0.15575417767440278
0.15572359425698473
0.15573420631837723
0.15573413245685075
0.1557320095213032
0.15573102201638417
0.15573046465745835
0.15572538566762595
0.15572420297335787
0.1557179935233407
0.15571411551023337
0.15571048290590514
0.15570741728740056
0.15570786849724208
0.15570765147369173
0.15570584054826533
0.15570306464877154
0.15569449773440286
0.15610403678399506
0.15569084504926212
0.1556888691752508
0.15568360593169406
0.15567251084465136
0.1556760073740498
0.15567470656699725
0.15567381486508433
0.15567135476387783
0.15567051140013533
0.1556699352525131
0.15566719326425935
0.15566405018049015
0.15566142811811204
0.1556611409774607
0.15566136205823936
0.1556615046147603
0.15566220586550022
0.15565860637690293
0.15565946194337738
0.15565908046370427
0.15565858020155776
0.15565815849950457
0.15565605822360695
0.1556547046662924
0.15565431288414872
0.15565298897544752
0.1556524950409105
0.15565240281223247
0.1556514942027935
0.15565091471177467
0.1556479581794683
0.15565354721422545
0.15565010751787903
0.15564851353110595
0.15564755591414026
0.15564752540785382
0.15564713726762106
0.15564681710834488
0.1556460310789248
0.15564744340935768
0.15564674407032703
0.1556464173049994
0.155646635083431
0.15564667436650634
0.15564703279481934
0.15564852583559763
0.1556616271592862
0.1556487737980092
0.15564868498618098
0.15564876264258856
0.15564940404318178
0.15565022362024633
0.1556527850229535
0.15565351352783552
0.15565345400290492
0.15565349791032784
0.1556536377113562
0.15565432771389726
0.15565534968892103
0.1556894810813708
0.15565767570135858
0.15565702566101228
0.15565722206640512
0.15565721073487032
0.15565706384481223
0.15565712188247224
0.15565819266446135
0.15565909363373429
0.15566022609329344
0.15566212834217572
0.15566040065179793
0.15566033071919702
0.15566036164337543
0.15566052978347814
0.15566175829513348
0.15566334740972765
0.1556635896253567
0.15566314565048883
0.15566325087814054
0.1556634547148485
0.15566382574683124
0.15566474907413602
0.1556669500681971
0.15567189536722645
0.1556688745737617
0.15566846439227597
0.1556693275136604
0.15567146320024985
0.15567504366197693
0.15567963280727984
0.15567980827768865
0.15567850738918326
0.1556786984422668
0.1556818163890301
0.15568385067079216
0.15568718332168954
0.15568910157886878
0.15568668107577838
0.15568642956905968
0.15568500627255447
0.15568572190190189
0.15568613429279848
0.15568594388292342
0.15568636360378071
0.15568618394613865
0.15568545196905148
0.15568588735056166
0.155685962684969
0.15568632308310293
0.15568652781062933
0.15568674963322576
0.15568728125596715
0.15568731493894367
0.15568736983396492
0.1556874471501963
0.15568764407379704
0.15569202736766777
0.15568921821589912
0.1556890164193389
0.15568931989692053
0.15568980379532169
0.15569021186475723
0.1556910620775165
0.1556915526569126
0.1556930571492705
0.1556924445838129
0.1556957741556518
0.1556926782322055
0.15569287907002347
0.15569603420182881
0.1556955274031107
0.15569513368509275
0.15569536898583947
0.1556971406207786
0.1556984860704356
0.15571444603410733
0.15570131651683372
0.15570080611019288
0.15570072816251437
0.15570095924380503
0.15570124066066945
0.1557020619026974
0.1557032547574349
0.15570432428118067
0.15570410239396756
0.15570354564731412
0.15570391178888043
0.15570423968900982
0.15570483511068275
0.15570585328434802
0.15570781366289943
0.1557105896485364
0.15570975613855642
0.1557095762667888
0.1557097643896959
0.15571046631115704
0.15571757941777334
0.15571299685216033
0.15571304997969582
0.155714980896967
0.15571362529470612
0.15571364785768926
0.1557140629956285
0.15571436637993488
0.1557146738646406
0.15571646791562513
0.15571706075075978
0.15571792947848698
0.15571907356434614
0.15572011531069074
0.15572036949383836
0.15572048027574406
0.15572104357986963
0.15572275967854676
0.1557200597959581
0.15571999258701844
0.15572072519919516
0.15572078642794807
0.15572108680511146
0.15572116955399215
0.15572128186654857
0.15572545415712882
0.15572364582809095
0.15572280986496334
0.15572321391859698
0.15572844012112586
0.1557254298522643
0.15572577253893063
0.15572572679309574
0.15572603272503227
0.1557261111047816
0.15572631237159548
0.15572668489280625
0.15572718355609572
0.1557277211792166
0.1557277816451939
0.1557280182983716
0.15572766080703765
0.15572757075953905
0.1557270671852905
0.15572721005985746
0.15572914988794284
0.15572788080197672
0.1557277966564788
0.1557279807454952
0.15572775448646103
0.15572776011971826
0.1557277709241606
0.15572774060646344
0.15572769628341263
0.15572758669291475
0.15572756980840066
0.15572754548653606
0.15572740012903044
0.15572748650258175
0.15572749042367984
0.15572746380271577
0.15572744698329252
0.15572736195003298
0.15572730739624316
0.15572717603704705
0.15572719562784001
0.15572719351500144
0.1557271800750547
0.15572716604499023
0.15572711963640712
0.15572704649431193
0.15572695257199343
0.1557269729206686
0.15572698311006236
0.15572697375127711
0.15572686004489314
0.15572685394247937
0.155726753012777
0.15572681690144746
0.15572678366928008
0.15572678261019696
0.1557267676263931
0.15572669579065804
0.15572670202279837
0.15572666752213787
0.15572659315387077
0.155726535459615
0.1557264705017048
0.15572645626400602
0.15572633029414767
0.15572634201900143
0.15572634490333628
0.1557263021855002
0.15572607211535677
0.15572615569647938
0.15572614903004703
0.15572607074741748
0.15572604257022396
0.15572586562851376
0.15572592251053566
0.15572594996835026
0.15572593673344529
0.15572550831024567
0.155725636770986
0.1557256928040225
0.15572563742064638
0.15572558200582864
0.15572540875750474
0.15572529080127465
0.15572531833660067
0.15572530471330487
0.15572525834004608
0.15572519368498147
0.15572500781580637
0.15572474457644458
0.15572452524924305
0.15572466721216943
0.15572471436432256
0.15572469017118418
0.15572460379426561
0.15572467220683867
0.15572460615052805
0.15572459894657856
0.15572455002016827
0.15572454187764231
0.15572448909264097
0.15572442533768108
0.1557243242896829
0.15572417656690926
0.15572408852274375
0.15572394759522987
0.1557237659414731
0.15572376209979422
0.1557237187321909
0.15572232995235774
0.15572342239442136
0.15572335951976854
0.15572319065195667
0.15572316508056896
0.15572305338798126
0.15572298621924593
0.15572285030280747
0.15572275763010945
0.15572236952721116
0.15572239114877715
0.15572238972109795
0.15572231505472825
0.15572207489656872
0.15572177670226442
0.15572176686233694
0.15572168795948063
0.15572177637523596
0.15572189108747037
0.15572183773014628
0.15572182945610824
0.1557217030386398
0.15572175891701964
0.1557217685811475
0.1557217062602915
0.15572166237217352
0.15572150811492086
0.1557212855677563
0.15572146540322576
0.15572145233344467
0.155721408823102
0.15572138784672782
0.15572127542495293
0.1557212728297195
0.1557212592060488
0.15572124564548395
0.15572109890112049
0.15572117685398046
0.1557211640789054
0.15572106087241508
0.1557210712905852
0.15572104765270475
0.1557210199745627
0.15572096602338334
0.1557207503609183
0.15572060737061336
0.15572070638995644
0.1557207071894477
0.15572067860077582
0.1557205196914031
0.15572060999390347
0.15572060711926033
0.15572018545865463
0.1557204922278066
0.15572043463339164
0.1557204070702212
0.1557198496877768
0.1557202943739219
0.15572027241571695
0.1557202065008232
0.155720184725649
0.1557201247181263
0.15571992696650022
0.15571998384721047
0.15572001130882795
0.15571995482552875
0.1557199631281213
0.1557198102816124
0.15571981028161258
0.1557198012432371
0.15571980124578216
0.15571980124578438
0.155719801245785
0.15571980124882864
0.15571980124694496
0.15571980124694526
0.15572043717885348
0.1557116810138242
0.15571945981238602
0.15572580321068163
0.15571950797628648
0.1557201472971525
0.15571962682869342
0.1557196982132882
0.15571974007631337
0.15571974007631334
0.15571974007633935
0.15571974007622227
0.15571974007604725
0.15571974007603628
0.15571974540325176
0.15571823235479232
0.15571958096737545
0.15572028422561793
0.15571957687103935
0.15571957506884965
0.15571956997658645
0.1557195283263137
0.15571952832631367
0.155719528326314
0.15571952832631275
0.15571952828424124
0.1557195282837498
0.15571952828374974
0.15571952828115723
0.15571952826659294
0.15571952825627625
0.15571952824738244
0.1557195282473825
0.15571952831191074
0.1557195282932176
0.15571952829321753
0.15571952829344257
0.15571952811022516
0.1557195281101502
0.15571952810773745
0.1557195278949069
0.15571952789490706
0.15571952789496143
0.15571952789493995
0.1557195278088736
0.1557195278088737
0.15571953952541429
0.1557165571209877
0.15571925172275597
0.15571932317395257
0.15571929079476432
0.15571929079476404
0.15571929079564895
0.15571929078117028
0.1557192907801665
0.15571929078016614
0.1557193007319071
0.15571930065526574
0.155719300655239
0.15571929984813498
0.1557192998449452
0.15571929981693375
0.15571929981517504
0.15571929980454324
0.15571929980454327
0.15571930035554077
0.1557193003555398
0.15571930036869724
0.15571930036858592
0.15571930032713124
0.15571930032658904
0.15571930032658868
0.15571930032737272
0.15571930032736833
0.15571930126129332
0.1557193012523604
0.15571930125235622
0.15571930364035755
0.15571930363563477
0.15571930363559247
0.15571931048699733
0.15571629046822894
0.15571897794306333
0.1557185797637226
0.15571886173174926
0.1557188617318019
0.1557188617364608
0.1557188617364599
0.15571886173985391
0.1557188615816757
0.15571886158167556
0.1557188615820032
0.15571886158566975
0.15571886158566506
0.1557189089025352
0.15571650862079967
0.15571889265804692
0.15571839229846207
0.1557188165994429
0.15571881659944292
0.15571881661003792
0.1557188165925893
0.15571881659227343
0.1557188165922649
0.15571881659223175
0.15571881659223358
0.1557188165846652
0.1557188166151062
0.15571881661506914
0.1557188166150692
0.15571881661508857
0.15571881668821944
0.15571881668821708
0.15571882346277385
0.15571576340444468
0.15571882901415574
0.1557188212276409
0.15571882122764102
0.15571882122935324
0.1557188212293531
0.155718821229359
0.1557188212295533
0.15571882122955502
0.15571882122961175
0.15571882122952327
0.1557188212295233
0.1557188212384741
0.15571882123816244
0.15571882123816255
0.15571882124137068
0.1557188206878984
0.15571882068794418
0.1557188206881715
0.1557188206881718
0.1557188289844347
