0.5231552878577244
0.3405600796964834
0.2750487819676555
0.16141431890242894
0.13541768573210208
0.12127320160836128
0.09972985889382965
0.08793989534888794
0.07947261626458188
0.07500616354019307
0.07146355139413668
0.06821173526546781
0.06574576624039946
0.06454635451330018
0.06175507987206372
0.060134823895089645
0.05749878290476779
0.0559661686265332
0.05429319143172534
0.05258485375825689
0.05194485687144432
0.05077871344414414
0.04928545264609782
0.048647582333697315
0.04811448804879015
0.047741375536616865
0.04649593787437736
0.04531245317170174
0.0447715105028941
0.04429030140164014
0.04387183164510783
0.04355163656081931
0.04259745277228055
0.041638897359915134
0.0414437495879629
0.04039149386486082
0.03960088734080558
0.03922248003717549
0.038867809292979394
0.03854541830052191
0.03825189031161161
0.038006586323621805
0.03735667523948874
0.03667539763392466
0.03627267847329588
0.03604758529221758
0.03584528522437622
0.03519949442908052
0.034631143894184147
0.034354694498650695
0.03416199920243576
0.033628273143558346
0.03312183064751634
0.03280078476642312
0.03260305347170625
0.03242475096500419
0.03225454782288584
0.03177851626969583
0.031342210270232235
0.03102400671810987
0.03083856806354332
0.030663284458021994
0.03049260267603565
0.03033452618354665
0.030179564044874513
0.03004075029767403
0.029612361720984443
0.02924675898626178
0.02892297405523797
0.02875512285189033
0.028590237719559902
0.02842911670101328
0.02827068474775829
0.028116172245890414
0.027963996860057183
0.027815986018055017
0.02766985929828014
0.027528237803989025
0.027387917162025044
0.02725256560156647
0.027117762723527866
0.026988526306038013
0.026858898069573728
0.026735582952270243
0.02661071596797243
0.02649306641578178
0.02637247810630955
0.02626017740967651
0.025932808024421883
0.025672102329081653
0.02542092043740035
0.025203232012615595
0.02508343789345649
0.024965411052403713
0.024848429420715606
0.024733190220728923
0.024618857273697337
0.02450624885452407
0.02439440964403783
0.024284280099548222
0.024174789586116602
0.0240669945888958
0.02395971532969693
0.023854120646905314
0.023748925660284304
0.023645404651605778
0.023542184264592925
0.023440623346319994
0.023339274785592973
0.023239567842865322
0.023140002253909137
0.023042059084155325
0.02294420421114532
0.022847943106336532
0.022751732656208085
0.0226570879064234
0.02256247018671162
0.02246938129265072
0.022376313783969565
0.022284734628587127
0.02219318356528091
0.022103074738152845
0.0220130147983289
0.0219243437384867
0.021835753907203548
0.021748496660181416
0.02166135934251509
0.02157549612963497
0.021489794266239592
0.021405309886805446
0.02132102950096887
0.02123790661194691
0.02115503568145949
0.021073262421626826
0.02099178482695771
0.020911345516784724
0.020831246776124912
0.020752126704690677
0.020673386876418343
0.020595571628259174
0.020518169072166748
0.02044163837900556
0.020365549592988724
0.020290286530439988
0.02021548735797632
0.02014146604295186
0.02006792666234622
0.01999512489061167
0.019922819090380545
0.019851208433598416
0.019821476201150268
0.019744444818696
0.019666049137844505
0.019590703786557306
0.019514502437303155
0.01944089330119675
0.01936681508575594
0.019294930821813466
0.019222870311226437
0.019152663379897766
0.019082497661002368
0.019013900276585283
0.018945499937364496
0.018878433018301416
0.018811673991341038
0.018746056666430616
0.018680819511649654
0.018616567159925684
0.01855274083212216
0.018489772275290722
0.018427254050954522
0.01836549047563718
0.018304189034830803
0.018243558829918488
0.018183391141714605
0.018158438960425655
0.018088567358557267
0.01802189559776529
0.01795520056357683
0.017891016042387936
0.017827079813077712
0.017765115503150825
0.017703552021349434
0.01764354670640636
0.017584022436523933
0.01752574194749565
0.01746797083931398
0.01741120441990096
0.017354952750479574
0.017299526928809622
0.01724459623468738
0.017190358590690735
0.017136593165857694
0.01711626133919819
0.017051837344614462
0.01699073201607032
0.01693013725907422
0.01687200923476767
0.016814509327864907
0.01675885352070186
0.016703851587714674
0.016650242860555164
0.016597260944853448
0.016545349723589536
0.016494021182158453
0.01644352820745007
0.016393565465970317
0.016344271790619036
0.01629545434499788
0.016269694453827865
0.016211096906780825
0.01615550305298602
0.016100783999048157
0.016048213964338615
0.015996473736701766
0.015946290210380243
0.01589685194048404
0.01584855352877873
0.015800905879751886
0.01575411447000022
0.01570788165538256
0.01566230784271272
0.01564551248127291
0.015589946039558211
0.015535558302239127
0.015484033123640523
0.015433583967986997
0.015385117479990579
0.01533757490065804
0.015291422704101831
0.015246039720521715
0.015201652291396556
0.01515789570859577
0.015114870271752373
0.015072363433141917
0.015051379257346426
0.014998772748949202
0.014949306159807912
0.014901112180900122
0.014855030490234178
0.014809982331390775
0.01476637276060283
0.014723585846398879
0.014681800016308144
0.014640663420694117
0.014600238695986062
0.014560330839927943
0.014536489166443595
0.014487331925915142
0.014441090319822159
0.014396182794446571
0.01435319248967129
0.01431123222927283
0.01427055364228344
0.014230659763901199
0.014191640186928423
0.014153220087434276
0.014115416775911493
0.014092445063231734
0.014046182796752488
0.014001552685880214
0.013959267561782396
0.013918210909887985
0.01387867198246645
0.013840042490606025
0.01380241385780881
0.013765457251593949
0.013729181085354147
0.013712351724403077
0.013666719765010077
0.013622963139710564
0.013581800199774008
0.01354200416529222
0.013503847987693829
0.013466673600949275
0.013430554119749999
0.01339513906488976
0.013360423057379056
0.013344777892878384
0.013300701731368714
0.01325862091734209
0.013219137677973891
0.013181063830116885
0.013144600784899402
0.01310912276675305
0.013074663641354206
0.013040892005289129
0.013007783755559471
0.012989087332832744
0.012947466426507459
0.012907803393351153
0.01287050269884285
0.012834546204932185
0.012800034762883578
0.012766439943108665
0.012733747910483123
0.012701684515044775
0.012687100719101119
0.01264536732144228
0.012606903705092848
0.012570201240784812
0.012535444473277618
0.01250186555484159
0.012469465033160543
0.01243784881291704
0.012406965022116162
0.01239314436011918
0.012353200087126481
0.012315486121492553
0.012280298347780522
0.012246580379794897
0.012214354377513864
0.012183086187184056
0.01215271957531347
0.012122982617482542
0.012107362697015261
0.012068733841061968
0.012033189685916323
0.01199939052456514
0.01196738199987471
0.01193648790160845
0.011906651182899436
0.011877532322784018
0.011849053339185983
0.011829510433231716
0.0117936888217674
0.011759870673325096
0.011728114321011895
0.011697622199215996
0.011668323729807084
0.011639823306902136
0.011612031201762324
0.011596555427024313
0.011560728094125838
0.011527116411840649
0.011495766357247805
0.011465794367025689
0.01143710927787206
0.011409280862803683
0.011382201762460215
0.011369098817703871
0.011333648162488164
0.01130054916164111
0.011269818309027069
0.011240525959537395
0.011212562031071238
0.011185474580267307
0.011159152853075505
0.011146668260520243
0.011112030956113073
0.011079783927939457
0.011049900174289778
0.011021457444475358
0.010994324038112485
0.010968057183513596
0.010942534115314179
0.01092908795431538
0.010895675484535822
0.010864598031666117
0.010835769101798731
0.010808330424243118
0.010782123558269657
0.010756741931902958
0.01073205300971275
0.010716399699863877
0.01068455115727543
0.010654899051828426
0.010627288282341468
0.010600963502126831
0.010575751115589865
0.010551293633308173
0.010541798442521899
0.01050849615034155
0.010478518662904085
0.010450498138264708
0.010424246907610707
0.010399124855946518
0.01037496042756042
0.01035145454854991
0.010336823399493406
0.010306022802924142
0.010277992447953854
0.010251640124184586
0.010226755813503047
0.010202827001389081
0.010179689818402338
0.010168624942193422
0.010137739020925185
0.01010932205087195
0.010083147930562059
0.010058369360959357
0.010034770044816926
0.010011960962875377
0.010003737267586021
0.009972292573474484
0.009944187310401476
0.00991806920559915
0.00989367547205916
0.009870389332503338
0.009848009165946275
0.009826255702905157
0.009810315203446607
0.009782201069198554
0.009756571302053346
0.009732473738555014
0.009709661492685207
0.009687696610463425
0.009666405205871725
0.00965118409045268
0.009623722680390412
0.00959836521727267
0.0095748099548148
0.00955240729127374
0.009530934261187368
0.009510096432404275
0.009494963547660551
0.009467903055707383
0.009443314372025557
0.009420255768607999
0.009398448707826967
0.009377474360166227
0.009357147014993211
0.009341413743393756
0.009315374390220788
0.009291349803757926
0.009269001297750962
0.009247735406544694
0.009227319531991879
0.009218811790402931
0.00919089741667084
0.009165588567257105
0.009142488859383374
0.009120775403594406
0.009100166207478333
0.00908029436372565
0.009069581092406576
0.0090427286107361
0.009018716974828422
0.008996433876246934
0.008975552086832234
0.00895557932104285
0.008936309610283466
0.008923008135781979
0.008897823630834606
0.008874783439640516
0.008853497939154853
0.008833333701010443
0.008814038793841378
0.008806161060935819
0.008779594240156507
0.00875564373221474
0.008733858397954486
0.008713429638370795
0.00869405755303021
0.008675389852939003
0.008663672118857602
0.008638750973572168
0.008616427065488486
0.008595703633682172
0.00857623645701766
0.008557590360286083
0.008550030689858268
0.008524055884055443
0.008501143644908393
0.008480092283632251
0.008460505007824443
0.008441865038564866
0.00842393858519419
0.00841161702337248
0.00838803763861487
0.008366597468292714
0.008346851950149947
0.008328187142795124
0.008310336718406891
0.008301129746384417
0.008276870726931285
0.008255032111401106
0.008235125209301947
0.008216430414530712
0.008198654644963638
0.008192417077758862
0.008167500815541046
0.008145287198774137
0.008125227522491646
0.008106515186652508
0.008088816299697654
0.00807179042259143
0.008059627523591767
0.008037139316376285
0.008016997114848379
0.007998309565895784
0.00798071801265865
0.00796384975012479
0.00795327404002763
0.007930587439895442
0.007910413013587247
0.007891784236692678
0.007874324653244724
0.007857624642150257
0.00784833448317332
0.007825545178330062
0.007805401784951704
0.007786877668288977
0.007769572500959859
0.007753060025127767
0.007744713780566265
0.0077219375138508906
0.007701894764459399
0.007683526121942591
0.007666408441156791
0.007650100994441605
0.007642348328210036
0.007619705538036203
0.007599843591759858
0.007581681652242295
0.0075647851071244665
0.007548704469879486
0.007541185410882556
0.007518803989750106
0.007499204772764556
0.007481302489059788
0.00746465795903109
0.00744882549453868
0.007441207306097791
0.007419205451612759
0.007399942767390394
0.0073823519092349466
0.007365992290302881
0.0073504284575023615
0.007342398280880569
0.007320890344590575
0.007302037147067536
0.007284802607509466
0.007268756084524763
0.007253476951671917
0.007244772399452065
0.007223856363182152
0.0072054686417689084
0.007188630529884638
0.007172920987978865
0.007157938596444119
0.007148346585235527
0.007128101541786669
0.007110230167944515
0.0070938180168481635
0.007078460502327494
0.0070637847614325455
0.007053150021302551
0.007033634271541689
0.007016312267343255
0.007000347998732087
0.006985352996374511
0.006970992248255009
0.006959208138805323
0.006940458319822207
0.006923709032539138
0.0069082017378858385
0.006893576942524404
0.006887105956677464
0.006866649788191959
0.006848645712001361
0.0068324547654884105
0.006817391976671916
0.006803124092210122
0.006794819011005759
0.006775361863006313
0.006758119225966752
0.006742487498675259
0.00672786565082345
0.006713951224854214
0.006703834351567323
0.006685375385671932
0.006668876787171207
0.006653795024920445
0.006639606850549595
0.006634365804808001
0.006614073749757254
0.006596614684284713
0.006580862540947863
0.006566331744581655
0.006552570215719783
0.006544629952435849
0.006525708349403775
0.006509193276840047
0.006494143272369884
0.006480126269843928
0.00646676974195462
0.0064564112773768945
0.006438747162852837
0.006423101890449506
0.0064086994921628004
0.006395159919881932
0.006388682683589358
0.006369781916673006
0.006353229144347078
0.006338357600135763
0.006324528544037006
0.006311420421253544
0.006302112646677627
0.0062846031290657856
0.006269047410483897
0.006254875852237496
0.006241570496962223
0.006235921423876967
0.00621702600519225
0.006200782793080922
0.006186136719065094
0.006172605740727588
0.006159778266661142
0.006150787276617498
0.006133528312710912
0.006118382390929822
0.0061045237548233156
0.0060915542145652535
0.006085775639610713
0.006067508697046475
0.0060516057023668746
0.006037379375744306
0.0060241852357336145
0.006011695951025853
0.006002489220421764
0.005985855097822984
0.005971104372398062
0.005957663548882192
0.005945041085827274
0.005938592252121427
0.005920922390965672
0.00590568762013724
0.005891918010517971
0.00587915635116279
0.005867027774928452
0.005857030768052995
0.005841091681357435
0.005826998805429584
0.00581403722042334
0.005801839794807251
0.005794052527261284
0.005777463639085378
0.005762886056684069
0.00574971010230374
0.005737396521719923
0.0057320329584772955
0.0057145166404730385
0.005699539250834856
0.005686078369549152
0.00567366070747391
0.005661890539086278
0.0056524797092148416
0.0056369053357187004
0.005623198551690689
0.005610620873449296
0.00559880712411806
0.005591207252477137
0.005575129774726961
0.00556103848795278
0.005548305409720677
0.005536416868213739
0.005530729566546683
0.005513931058651889
0.005499552480453057
0.005486621416420895
0.005474669065941018
0.005463334678289772
0.005453511122052113
0.00543870126174828
0.005425611949751635
0.005413568877929237
0.005402223341552992
0.005393734793936983
0.005378594829264505
0.005365250999213256
0.005353124844518525
0.00534175068045703
0.005334623006081646
0.005319001621860636
0.005305494895758434
0.005293261425155349
0.005281874908351469
0.005276082421759476
0.005260139549504467
0.005246352950431493
0.005234034222235506
0.0052226128145830275
0.005218156012014502
0.005201702874387343
0.005187774441025417
0.005175345525532532
0.005163916799363233
0.0051531095551597406
0.005143911237454751
0.005129726719987682
0.005117242800899258
0.005105789936109134
0.005095012946458838
0.005086629583304858
0.005072309805919245
0.005059702096995883
0.005048243440021888
0.005037487006170682
0.00502988131373483
0.005015320278592639
0.005002688336704558
0.0049912116983514
0.0049804955056483025
0.004973584761529759
0.004958943269186555
0.004946209125991641
0.004934742143139298
0.004924054236200126
0.00491778032563242
0.0049029423798800376
0.00489022037163564
0.004878760614177108
0.004868125522509009
0.004862385743939879
0.004847537593223233
0.004834744269133218
0.004823317857810566
0.004812722802858521
0.004807448960383709
0.00479246671751371
0.004779735185054507
0.004768337746717699
0.004757812311487808
0.004752882524233393
0.004737974695363134
0.004725211624482417
0.004713881483468796
0.004703410978657896
0.0046987516507615845
0.004683785900263582
0.004671139438631011
0.004659864996967494
0.004649483183004621
0.0046449707570085375
0.0046301596587959015
0.004617533760923914
0.0046063545471713985
0.0045960478138140914
0.004591608339016617
0.00457682249042618
0.004564362176765813
0.004553271564203348
0.004543068847511905
0.004538582091340004
0.004524033804323535
0.004511645509721357
0.004500678450200857
0.00449057190327698
0.004485969167160764
0.004471526969640427
0.004459350538408791
0.004448503667124404
0.0044385157626339045
0.00443369232349447
0.004419557900822185
0.004407499696255146
0.004396800835205605
0.0043869249025004775
0.0043818271416573296
0.004367875950990668
0.004356064520238179
0.004345511670541313
0.004335768810265428
0.0043303053204546416
0.004316716453776875
0.004305067959871373
0.004294685620701871
0.004285062074051299
0.004279201197621346
0.0042658599162398725
0.004254481046887276
0.004244262188874859
0.004234781249310371
0.004228458684284592
0.004215509403196982
0.0042043298332130885
0.0041942916075699
0.004184940846882895
0.004178136367265661
0.004165483104044743
0.004154583470594747
0.004144722483606755
0.0041355204766494735
0.004128196769275255
0.004115947110469448
0.004105266910859551
0.00409559319075628
0.004086526233877369
0.004078683043453685
0.0040667563411395935
0.004056355748060569
0.004046861331584606
0.004043318585319422
0.0040295055180391
0.004018000923806664
0.004007844349765394
0.003998544022094125
0.003994060296840768
0.003980862629403753
0.00396967453366287
0.003959776285607036
0.003950648745771723
0.003945263866557414
0.003932538503994165
0.003921749542774605
0.0039120913062247464
0.0039031478312818724
0.0038968800398872794
0.0038847272935395305
0.0038742471762576725
0.003864833638669879
0.003856057578985911
0.0038489589055527296
0.0038372632774513193
0.0038271474126621297
0.003817959537109533
0.0038093530915163376
0.003801465911098534
0.0037902858549271334
0.0037804640339346163
0.003771500038684178
0.003767229338995176
0.003754477511630022
0.0037437045328647667
0.00373419382775092
0.0037254308951572557
0.0037199836744502834
0.003707833532189342
0.0036975278894740282
0.003688298441467397
0.003679741893980487
0.003673205506252525
0.0036617168323628546
0.0036517800762607966
0.0036428214648262236
0.0036344465264793457
0.003626932093468954
0.0036159749305400557
0.0036064312761192874
0.003597720756262246
0.003593511381459469
0.0035810804497388993
0.0035706889684961607
0.0035614793283967328
0.003553006439877271
0.0035474308251436104
0.003535795407803577
0.003525844562855762
0.0035169470904450606
0.0035086816720311387
0.003501907065759924
0.0034909010071461632
0.0034814059794905927
0.0034727937773924578
0.0034693438877711757
0.0034568442641472463
0.003446487916485802
0.003437370416909835
0.0034290214680476883
0.0034239805343779517
0.0034123856491967974
0.0034025261330833945
0.0033937600751231534
0.0033856376222528295
0.0033792288701318396
0.003368340168753675
0.003358985649949381
0.0033505250025873123
0.0033473113426712164
0.0033349778447838707
0.0033247986817936392
0.003315853287811671
0.0033076751797608828
0.003302723326919055
0.003291361317872943
0.003281719840902697
0.003273148536338699
0.0032652083341643545
0.0032587914983003563
0.003248188894042492
0.0032390700151828933
0.0032308178332665916
0.0032273371805675855
0.0032154015107675182
0.003205526631085337
0.0031968350874435336
0.003188869991003096
0.003183602292689741
0.0031726584571377114
0.0031633392056578946
0.003155022974142163
0.003147299783049007
0.0031405577919494665
0.0031303787261542926
0.0031215823844396584
0.0031135868950174506
0.003109421931282219
0.003098078984070246
0.0030886177098137235
0.0030802398849753276
0.0030725231240564532
0.0030666262198447702
0.003056243601166464
0.0030473273406087797
0.0030393116756151917
0.003036198592795303
0.003024564099992716
0.0030149062171041796
0.0030064778777813272
0.0029987619876375993
0.0029936731324763377
0.002983033456920997
0.002974048014849462
0.002966019147796123
0.002958568685975521
0.002951873313293135
0.00294212691986967
0.0029336567186954154
0.0029259643603189445
0.0029215608017122974
0.0029107864217765567
0.0029017132215901353
0.0028936899089784807
0.0028862758077088657
0.002880097470666504
0.0028702355516673217
0.0028617699377068706
0.002854106763532621
0.0028502147496601293
0.002839309458589956
0.0028302541035233886
0.0028222557828858075
0.0028149017099687312
0.0028090836478358028
0.0027992316971501563
0.0027907739376087093
0.002783166036934126
0.002779670785611643
0.0027687670333740866
0.002759694781301586
0.0027517470586298776
0.002744452376815615
0.00273891446331348
0.0027290521676511803
0.002720662782329991
0.002713120042790035
0.0027098172341789295
0.0026989232621683623
0.0026899543506725687
0.0026820851672968993
0.0026748742349040344
0.0026694462027339327
0.0026597081942781875
0.0026513932313509125
0.002643942427906637
0.0026407120489545244
0.002629971962666594
0.002621076040020931
0.0026133022036692877
0.002606181677459546
0.002600784892197755
0.0025911497292137042
0.0025829674691115745
0.0025756201624742014
0.002572267352339175
0.00256168541316526
0.0025529772106434867
0.0025453301320703947
0.002538320027815122
0.0025327981116608778
0.0025233963688520156
0.0025153532869734985
0.0025081300090197822
0.002504553475018517
0.0024942608846833803
0.0024857074772030585
0.002478202428246007
0.0024713074563470216
0.0024655983640576584
0.002456407093089391
0.0024485502445747154
0.0024414621047314233
0.0024375039552059496
0.0024275023155324316
0.002419199849861331
0.0024118623463044164
0.002405096056299655
0.0023990846031524404
0.002390201708562162
0.002382538491116498
0.002375597625778797
0.0023711974824879856
0.0023615828805350625
0.002353498560916989
0.0023463334064859342
0.002343922046679603
0.002333388885212423
0.0023247765886932614
0.002317324545099614
0.0023105340999135526
