1.057936191558838
1.0277578830718994
0.9986627101898193
0.9706389307975769
0.943666398525238
0.9177219867706299
0.8927803039550781
0.8688160181045532
0.8457996249198914
0.823702871799469
0.8024964928627014
0.7821509838104248
0.7626365423202515
0.7439234256744385
0.7259818315505981
0.7087841033935547
0.6923006176948547
0.6765037775039673
0.66136634349823
0.6468622088432312
0.6329649686813354
0.6196500658988953
0.6068935990333557
0.5946711897850037
0.5829606056213379
0.5717400908470154
0.5609886646270752
0.5506858825683594
0.5408121943473816
0.5313494205474854
0.5222787857055664
0.5135831236839294
0.5052461624145508
0.49725162982940674
0.48958462476730347
0.48222997784614563
0.4751737415790558
0.4684027135372162
0.46190425753593445
0.45566532015800476
0.4496742784976959
0.44392016530036926
0.4383918046951294
0.43307939171791077
0.42797228693962097
0.4230613708496094
0.4183378517627716
0.41379261016845703
0.40941813588142395
0.4052058160305023
0.40114825963974
0.3972388207912445
0.39347007870674133
0.38983580470085144
0.38632938265800476
0.3829454481601715
0.3796777129173279
0.37652114033699036
0.3734705150127411
0.3705209493637085
0.3676675260066986
0.36490607261657715
0.3622322082519531
0.3596416413784027
0.3571307063102722
0.3546959161758423
0.35233354568481445
0.3500402271747589
0.3478129506111145
0.3456485867500305
0.3435440957546234
0.3414967358112335
0.339504212141037
0.3375638723373413
0.33567357063293457
0.3338306248188019
0.33203282952308655
0.33027875423431396
0.3285660445690155
0.32689255475997925
0.32525718212127686
0.3236581087112427
0.32209324836730957
0.3205614984035492
0.3190614581108093
0.31759166717529297
0.3161506652832031
0.3147372603416443
0.3133503496646881
0.31198903918266296
0.31065186858177185
0.3093377351760864
0.3080461323261261
0.3067759871482849
0.30552607774734497
0.30429577827453613
0.3030846118927002
0.3018915057182312
0.30071571469306946
0.29955655336380005
0.2984136641025543
0.29728591442108154
0.29617300629615784
0.295074462890625
0.29398977756500244
0.2929181158542633
0.29185909032821655
0.290812611579895
0.2897777855396271
0.2887542247772217
0.28774186968803406
0.28674009442329407
0.28574851155281067
0.28476691246032715
0.28379473090171814
0.28283199667930603
0.28187793493270874
0.28093281388282776
0.27999603748321533
0.2790672183036804
0.27814656496047974
0.2772335410118103
0.2763276696205139
0.2754293382167816
0.27453774213790894
0.273653119802475
0.27277499437332153
0.271903395652771
0.2710380554199219
0.27017879486083984
0.26932552456855774
0.2684781551361084
0.26763635873794556
0.2668001651763916
0.2659691274166107
0.26514363288879395
0.26432332396507263
0.2635078728199005
0.2626975178718567
0.2618919909000397
0.26109105348587036
0.2602948844432831
0.25950324535369873
0.25871604681015015
0.25793325901031494
0.25715479254722595
0.2563806474208832
0.25561046600341797
0.25484442710876465
0.25408250093460083
0.2533245086669922
0.25257042050361633
0.2518201768398285
0.2510734796524048
0.2503308057785034
0.24959173798561096
0.2488562911748886
0.24812422692775726
0.24739590287208557
0.24667105078697205
0.24594959616661072
0.24523144960403442
0.24451681971549988
0.24380551278591156
0.24309737980365753
0.24239246547222137
0.24169087409973145
0.24099239706993103
0.24029722809791565
0.23960500955581665
0.23891602456569672
0.2382299304008484
0.23754696547985077
0.23686692118644714
0.2361898422241211
0.2355157732963562
0.23484474420547485
0.2341764271259308
0.23351123929023743
0.23284867405891418
0.23218899965286255
0.23153212666511536
0.23087799549102783
0.2302268147468567
0.22957828640937805
0.22893255949020386
0.22828945517539978
0.22764909267425537
0.22701133787631989
0.22637641429901123
0.22574399411678314
0.22511409223079681
0.22448700666427612
0.223862424492836
0.223240464925766
0.2226211428642273
0.22200432419776917
0.22138991951942444
0.22077803313732147
0.2201688140630722
0.21956202387809753
0.21895766258239746
0.21835587918758392
0.21775640547275543
0.2171594202518463
0.21656487882137299
0.21597276628017426
0.21538303792476654
0.21479570865631104
0.21421071887016296
0.21362805366516113
0.21304777264595032
0.21246984601020813
0.21189431846141815
0.21132096648216248
0.2107500284910202
0.2101813107728958
0.20961488783359528
0.20905065536499023
0.20848892629146576
0.20792929828166962
0.20737189054489136
0.2068166732788086
0.20626378059387207
0.20571300387382507
0.20516447722911835
0.20461808145046234
0.20407389104366302
0.20353193581104279
0.2029920220375061
0.20245429873466492
0.2019187957048416
0.2013852596282959
0.20085400342941284
0.20032471418380737
0.19979754090309143
0.1992725431919098
0.19874948263168335
0.1982286125421524
0.1977098435163498
0.19719289243221283
0.19667822122573853
0.19616548717021942
0.19565482437610626
0.1951460838317871
0.1946394443511963
0.19413462281227112
0.19363191723823547
0.19313116371631622
0.19263242185115814
0.1921355277299881
0.19164074957370758
0.1911477893590927
0.1906568855047226
0.19016778469085693
0.18968059122562408
0.18919530510902405
0.18871192634105682
0.188230499625206
0.18775086104869843
0.18727318942546844
0.18679721653461456
0.18632332980632782
0.18585115671157837
0.18538077175617218
0.18491230905056
0.18444569408893585
0.1839807778596878
0.18351761996746063
0.18305636942386627
0.18259695172309875
0.18213927745819092
0.18168337643146515
0.18122920393943787
0.18077683448791504
0.18032622337341309
0.17987726628780365
0.1794300079345703
0.178984597325325
0.1785408854484558
0.17809878289699554
0.17765848338603973
0.17721979320049286
0.17678284645080566
0.17634756863117218
0.175914004445076
0.17548201978206635
0.17505179345607758
0.17462311685085297
0.17419613897800446
0.17377077043056488
0.17334699630737305
0.17292489111423492
0.17250439524650574
0.17208543419837952
0.17166809737682343
0.17125244438648224
0.17083826661109924
0.1704256683588028
0.17001476883888245
0.16960522532463074
0.16919729113578796
0.1687910109758377
0.16838616132736206
0.16798289120197296
0.16758115589618683
0.16718092560768127
0.1667822152376175
0.1663849800825119
0.16598929464817047
0.16559500992298126
0.1652022749185562
0.16481101512908936
0.16442124545574188
0.16403283178806305
0.163645938038826
0.16326045989990234
0.16287648677825928
0.1624939888715744
0.16211286187171936
0.16173315048217773
0.16135478019714355
0.16097790002822876
0.16060246527194977
0.16022832691669464
0.15985576808452606
0.1594843566417694
0.1591145098209381
0.1587458997964859
0.1583787500858307
0.15801288187503815
0.15764839947223663
0.15728531777858734
0.15692348778247833
0.15656304359436035
0.15620388090610504
0.15584610402584076
0.15548966825008392
0.15513445436954498
0.15478059649467468
0.15442800521850586
0.1540767401456833
0.15372680127620697
0.15337809920310974
0.15303058922290802
0.15268445014953613
0.15233951807022095
0.1519959270954132
0.15165355801582336
0.15131235122680664
0.15097244083881378
0.1506337821483612
0.1502963900566101
0.14996007084846497
0.14962513744831085
0.14929144084453583
0.14895880222320557
0.1486274003982544
0.1482972651720047
0.14796821773052216
0.1476404219865799
0.14731384813785553
0.14698831737041473
0.1466640830039978
0.1463409811258316
0.14601899683475494
0.14569821953773499
0.14537851512432098
0.1450600028038025
0.1447426974773407
0.14442645013332367
0.14411133527755737
0.14379732310771942
0.14348448812961578
0.1431727260351181
0.14286203682422638
0.14255249500274658
0.14224408566951752
0.1419367492198944
0.14163042604923248
0.14132525026798248
0.14102113246917725
0.14071805775165558
0.14041614532470703
0.14011524617671967
0.13981540501117706
0.13951660692691803
0.13921889662742615
0.13892214000225067
0.1386265605688095
0.1383318305015564
0.1380382627248764
0.1377457082271576
0.13745416700839996
0.1371636688709259
0.13687416911125183
0.13658563792705536
0.13629817962646484
0.13601164519786835
0.13572613894939423
0.13544157147407532
0.13515813648700714
0.1348755657672882
0.13459400832653046
0.13431334495544434
0.1340337097644806
0.13375508785247803
0.1334773749113083
0.13320060074329376
0.1329248547554016
0.13264991343021393
0.1323760598897934
0.1321031153202057
0.1318310797214508
0.13155992329120636
0.13128980994224548
0.13102048635482788
0.13075217604637146
0.1304847151041031
0.13021822273731232
0.12995260953903198
0.1296878457069397
0.12942413985729218
0.12916120886802673
0.12889917194843292
0.12863801419734955
0.1283777952194214
0.1281183958053589
0.12785989046096802
0.12760233879089355
0.12734557688236237
0.12708963453769684
0.12683460116386414
0.1265804022550583
0.1263270527124405
0.12607461214065552
0.1258229911327362
0.12557218968868256
0.12532225251197815
0.1250731647014618
0.12482479214668274
0.1245773583650589
0.12433069199323654
0.12408489733934402
0.12383989244699478
0.12359575927257538
0.1233522966504097
0.12310975790023804
0.12286800891160965
0.12262707203626633
0.1223868876695633
0.12214745581150055
0.12190885096788406
0.12167103588581085
0.12143406271934509
0.12119777500629425
0.12096229940652847
0.12072766572237015
0.12049373239278793
0.12026052176952362
0.12002814561128616
0.1197965070605278
0.11956562846899033
0.11933550983667374
0.11910610646009445
0.11887744069099426
0.11864952743053436
0.11842238157987595
0.11819596588611603
0.1179702877998352
0.11774533987045288
0.11752115935087204
0.11729762703180313
0.11707483232021332
0.116852767765522
0.11663144081830978
0.11641078442335129
0.11619090288877487
0.115971639752388
0.1157531589269638
0.11553531140089035
0.1153181940317154
0.11510176956653595
0.11488603800535202
0.1146710142493248
0.11445661634206772
0.11424298584461212
0.11402995139360428
0.11381769925355911
0.11360600590705872
0.11339506506919861
0.11318476498126984
0.11297512799501419
0.11276617646217346
0.11255785077810287
0.1123502254486084
0.11214320361614227
0.11193685978651047
0.11173118650913239
0.11152613162994385
0.11132171005010605
0.11111800372600555
0.11091484874486923
0.11071236431598663
0.11051053553819656
0.11030930280685425
0.11010873317718506
0.10990874469280243
0.10970941931009293
0.10951069742441177
0.10931259393692017
0.1091151162981987
0.10891826450824738
0.10872200131416321
0.10852636396884918
0.10833137482404709
0.10813693702220917
0.10794306546449661
0.1077498197555542
0.10755718499422073
0.10736516863107681
0.10717375576496124
0.10698287189006805
0.10679252445697784
0.10660290718078613
0.10641376674175262
0.10622528195381165
0.10603728145360947
0.10584991425275803
0.10566313564777374
0.10547689348459244
0.10529126226902008
0.10510610789060593
0.10492159426212311
0.10473758727312088
0.104554183781147
0.10437135398387909
0.10418900847434998
0.1040072813630104
0.10382608324289322
0.10364547371864319
0.10346531867980957
0.10328571498394012
0.10310672968626022
0.10292825847864151
0.10275031626224518
0.10257293283939362
0.10239606350660324
0.10221969336271286
0.10204385966062546
0.10186859220266342
0.10169385373592377
0.10151959955692291
0.10134591907262802
0.10117272287607193
0.10100003331899643
0.10082786530256271
0.10065620392560959
0.10048504173755646
0.1003144234418869
0.10014428943395615
0.09997464716434479
0.0998055711388588
0.09963694959878922
0.09946883469820023
0.09930120408535004
0.09913406521081924
0.09896744787693024
0.09880130738019943
0.09863565117120743
0.09847045689821243
0.0983058288693428
0.09814158082008362
0.09797791391611099
0.09781469404697418
0.0976518914103508
0.0974896028637886
0.0973278060555458
0.09716649353504181
0.09700563549995422
0.09684525430202484
0.0966852679848671
0.0965258777141571
0.09636685997247696
0.09620831161737442
0.09605022519826889
0.09589262306690216
0.09573547542095184
0.09557873755693436
0.09542252123355865
0.09526672214269638
0.09511137753725052
0.09495645016431808
0.09480196982622147
0.09464798122644424
0.09449441730976105
0.09434127062559128
0.0941886305809021
0.09403636306524277
0.09388454258441925
0.09373314678668976
0.09358220547437668
0.09343171864748001
0.09328161180019379
0.09313192218542099
0.092982716858387
0.09283391386270523
0.09268555045127869
0.09253759682178497
0.09239000827074051
0.09224293380975723
0.092096246778965
0.0919499471783638
0.09180407971143723
0.09165860712528229
0.09151358902454376
0.09136892110109329
0.09122465550899506
0.09108086675405502
0.09093744307756424
0.09079442918300629
0.09065181761980057
0.09050960093736649
0.09036777168512344
0.09022636711597443
0.09008535742759705
0.08994469791650772
0.08980447798967361
0.08966463059186935
0.08952514082193375
0.08938611298799515
0.08924742043018341
0.08910913020372391
0.08897125720977783
0.08883374184370041
0.08869654685258865
0.08855980634689331
0.08842343091964722
0.08828743547201157
0.08815177530050278
0.08801651746034622
0.0878816768527031
0.08774715662002563
0.0876130536198616
0.08747925609350204
0.08734583109617233
0.08721282333135605
0.08708014339208603
0.08694782853126526
0.08681591600179672
0.08668430894613266
0.08655310422182083
0.08642224967479706
0.08629176765680313
0.08616159856319427
0.08603178709745407
0.08590234816074371
0.08577330410480499
0.08564455807209015
0.08551619201898575
0.08538812398910522
0.08526040613651276
0.08513309061527252
0.08500611037015915
0.08487947285175323
0.0847531333565712
0.08462713658809662
0.08450155705213547
0.0843762457370758
0.0842512771487236
0.08412668108940125
0.08400241285562515
0.08387848734855652
0.08375485241413116
0.08363157510757446
0.08350860327482224
0.08338597416877747
0.08326371014118195
0.0831417366862297
0.08302009850740433
0.08289880305528641
0.08277779072523117
0.08265713602304459
0.08253677934408188
0.08241676539182663
0.08229704201221466
0.08217765390872955
0.08205859363079071
0.08193982392549515
0.08182139694690704
0.08170326799154282
0.08158545941114426
0.08146794140338898
0.08135077357292175
0.08123387396335602
0.08111730217933655
0.08100105077028275
0.08088509738445282
0.08076944202184677
0.080654077231884
0.0805390253663063
0.08042430132627487
0.08030982315540314
0.08019570261240005
0.08008184283971786
0.07996830344200134
0.0798550620675087
0.07974207401275635
0.07962939888238907
0.07951704412698746
0.07940497249364853
0.07929319143295288
0.0791817232966423
0.07907048612833023
0.07895960658788681
0.0788489505648613
0.07873860001564026
0.07862857729196548
0.0785188153386116
0.0784093365073204
0.0783000960946083
0.07819122821092606
0.07808256894350052
0.07797420769929886
0.07786611467599869
0.07775834947824478
0.07765080034732819
0.07754354178905487
0.07743658870458603
0.07732988148927689
0.07722347229719162
0.07711732387542725
0.07701145112514496
0.07690583169460297
0.07680048793554306
0.07669542729854584
0.07659060508012772
0.07648608088493347
0.07638182491064072
0.07627784460783005
0.07617410272359848
0.07607059180736542
0.07596738636493683
0.07586444914340973
0.07576176524162292
0.07565933465957642
0.0755571499466896
0.07545524090528488
0.07535360753536224
0.07525220513343811
0.07515107840299606
0.07505015283823013
0.07494957000017166
0.0748491957783699
0.07474903762340546
0.07464917749166489
0.07454956322908401
0.07445021718740463
0.07435107231140137
0.07425219565629959
0.07415357977151871
0.07405517250299454
0.07395707070827484
0.07385918498039246
0.07376150786876678
0.0736641138792038
0.0735669732093811
0.07347006350755692
0.07337337732315063
0.07327692210674286
0.07318075001239777
0.0730847641825676
0.07298905402421951
0.07289361208677292
0.07279833406209946
0.07270334661006927
0.07260856032371521
0.07251401990652084
0.07241970300674438
0.07232564687728882
0.07223180681467056
0.0721382200717926
0.07204479724168777
0.07195167988538742
0.0718587338924408
0.07176605612039566
0.07167357206344604
0.07158135622739792
0.07148931175470352
0.0713975578546524
0.07130597531795502
0.07121465355157852
0.07112353295087814
0.07103262841701508
0.0709419772028923
0.07085151225328445
0.0707612857222557
0.07067129760980606
0.07058150321245193
0.07049191743135452
0.07040255516767502
0.0703134536743164
0.07022449374198914
0.07013580948114395
0.0700472891330719
0.06995903700590134
0.0698709636926651
0.06978311389684677
0.06969546526670456
0.06960804015398026
0.06952084600925446
0.06943383812904358
0.06934701651334763
0.06926042586565018
0.06917404383420944
0.06908787041902542
0.06900192052125931
0.06891614198684692
0.06883059442043304
0.06874525547027588
0.06866008788347244
0.06857515126466751
0.0684904009103775
0.06840585917234421
0.06832154840230942
0.06823741644620895
0.06815344840288162
0.06806972622871399
0.06798619031906128
0.06790286302566528
0.06781972199678421
0.06773676723241806
0.06765401363372803
0.0675714984536171
0.0674891471862793
0.06740698963403702
0.06732502579689026
0.06724325567483902
0.0671616867184639
0.06708028167486191
0.06699909269809723
0.06691806763410568
0.06683727353811264
0.06675666570663452
0.06667622923851013
0.06659600138664246
0.06651592999696732
0.06643608957529068
0.06635641306638718
0.0662769079208374
0.06619759649038315
0.06611847877502441
0.06603951752185822
0.06596079468727112
0.06588221341371536
0.06580384075641632
0.0657256618142128
0.06564760953187943
0.06556976586580276
0.06549212336540222
0.06541465222835541
0.06533735990524292
0.06526022404432297
0.06518328934907913
0.06510653346776962
0.06502996385097504
0.06495355814695358
0.06487730890512466
0.06480128318071365
0.06472539156675339
0.06464970856904984
0.06457416713237762
0.06449882686138153
0.06442365795373917
0.06434862315654755
0.06427381932735443
0.06419914215803146
0.06412463635206223
0.0640503540635109
0.06397619098424911
0.06390221416950226
0.06382840871810913
0.06375475972890854
0.06368128210306168
0.06360799074172974
0.06353487819433212
0.06346187740564346
0.06338907778263092
0.0633164644241333
0.06324399262666702
0.06317165493965149
0.06309954077005386
0.06302755326032639
0.06295570731163025
0.06288409233093262
0.06281259655952454
0.0627412423491478
0.06267011165618896
0.06259911507368088
0.06252828985452652
0.06245757266879082
0.06238705292344093
0.062316667288541794
0.06224647909402847
0.0621764175593853
0.062106531113386154
0.06203680485486984
0.06196722760796547
0.06189779192209244
0.06182856485247612
0.06175944209098816
0.06169048324227333
0.06162168085575104
0.06155303493142128
0.06148456409573555
0.06141619011759758
0.06134802848100662
0.06127996742725372
0.06121209263801575
0.06114436313509941
0.061076778918504715
0.06100936233997345
0.060942087322473526
0.06087496504187584
0.060807965695858
0.06074113771319389
0.06067446619272232
0.06060795858502388
0.060541536659002304
0.06047530472278595
0.060409221798181534
0.06034327298402786
0.060277462005615234
0.060211822390556335
0.060146305710077286
0.06008094921708107
0.060015711933374405
0.05995061248540878
0.05988568440079689
0.05982089415192604
0.05975627526640892
0.05969175323843956
0.05962737649679184
0.059563156217336655
0.05949908494949341
0.05943514034152031
0.059371329843997955
0.05930767580866814
0.05924413725733757
0.059180740267038345
0.05911751836538315
0.059054408222436905
0.0589914470911026
0.058928586542606354
0.058865901082754135
0.058803342282772064
0.05874091759324074
0.058678630739450455
0.05861648544669151
0.05855446308851242
0.05849257856607437
0.05843082815408707
0.058369219303131104
0.058307748287916183
0.05824638903141022
0.058185163885354996
0.058124080300331116
0.05806313455104828
0.05800231546163559
0.05794161930680275
0.057881083339452744
0.05782062187790871
0.0577603280544281
0.05770018324255943
0.05764014273881912
0.05758020281791687
0.05752045288681984
0.057460807263851166
0.057401273399591446
0.05734185874462128
0.05728258937597275
0.05722343921661377
0.057164426892995834
0.05710555240511894
0.057046785950660706
0.05698815733194351
0.05692964047193527
0.05687122046947479
0.05681297555565834
0.05675485357642174
0.0566968098282814
0.0566389262676239
0.056581150740385056
0.05652349069714546
0.056465987116098404
0.05640855431556702
0.05635129660367966
0.05629413202404976
0.05623709037899971
0.05618016794323921
0.05612337589263916
