1.057936191558838
0.5580466985702515
0.7540717720985413
0.29200682044029236
0.2997286021709442
0.26844409108161926
0.19735455513000488
0.13667111098766327
0.08463612198829651
0.057246435433626175
0.0735747218132019
0.04283061996102333
0.05074383318424225
0.06844273209571838
0.03177568316459656
0.06654042750597
0.02642555721104145
0.05088135972619057
0.02231484279036522
0.034378472715616226
0.04156188666820526
0.019554223865270615
0.027024878188967705
0.031028566882014275
0.03657908737659454
0.043637409806251526
0.017020629718899727
0.022385111078619957
0.02489364892244339
0.028193561360239983
0.03252363204956055
0.03781440109014511
0.014819425530731678
0.017938662320375443
0.04073360562324524
0.013932589441537857
0.01846165955066681
0.020021311938762665
0.022020338103175163
0.024442967027425766
0.027417216449975967
0.03086598962545395
0.01213277317583561
0.01347250584512949
0.025176584720611572
0.02798711508512497
0.03128526732325554
0.011196430772542953
0.01290815882384777
0.025555483996868134
0.028200512751936913
0.010434904135763645
0.011561211198568344
0.02078172005712986
0.022536631673574448
0.024447720497846603
0.02659607119858265
0.009603229351341724
0.010354775004088879
0.01704307086765766
0.01813145913183689
0.01930607482790947
0.020604709163308144
0.02198207564651966
0.02348887175321579
0.02506261132657528
0.008654438890516758
0.008826544508337975
0.011407126672565937
0.011731985956430435
0.012092146091163158
0.01248041819781065
0.012903871946036816
0.013352709822356701
0.013835683465003967
0.01434019859880209
0.014876953326165676
0.01543046347796917
0.01601371541619301
0.01660812459886074
0.01722921058535576
0.01785532757639885
0.01850455068051815
0.019152315333485603
0.019819168373942375
0.020477836951613426
0.021151227876544
0.021809713914990425
0.0072448281571269035
0.007191294338554144
0.007466994691640139
0.010193037800490856
0.010309680365025997
0.010423945263028145
0.010537399910390377
0.010647019371390343
0.010754414834082127
0.01085660420358181
0.010955194011330605
0.011047380976378918
0.01113473903387785
0.011214661411941051
0.011288614943623543
0.011354279704391956
0.01141299121081829
0.011462818831205368
0.011504856869578362
0.011537584476172924
0.011561916209757328
0.011576718650758266
0.011582638137042522
0.011579034850001335
0.011566289700567722
0.01154423039406538
0.011512895114719868
0.01147263403981924
0.011423188261687756
0.01136532612144947
0.011298507452011108
0.011223970912396908
0.011140834540128708
0.011050738394260406
0.010952598415315151
0.010848312638700008
0.010736607946455479
0.010619730688631535
0.010496186092495918
0.01036838348954916
0.010234720073640347
0.01009778119623661
0.00995587557554245
0.00981168169528246
0.009663449600338936
0.00951384473592043
0.009361150674521923
0.00920800305902958
0.009052690118551254
0.008897810243070126
0.008741691708564758
0.00858678575605154
0.008431520313024521
0.008278240449726582
0.0081254243850708
0.007975221611559391
0.007826244458556175
0.007680469658225775
0.007536610588431358
0.007396420929580927
0.007258751895278692
0.007125128526240587
0.014973480254411697
0.01447364967316389
0.013974389061331749
0.013491570018231869
0.01301337406039238
0.012553384527564049
0.012100832536816597
0.011667275801301003
0.011243142187595367
0.010838143527507782
0.010443991050124168
0.01006878912448883
0.009705404751002789
0.009360536932945251
0.009028127416968346
0.008713637478649616
0.008411996997892857
0.008127533830702305
0.007856017909944057
0.00760082108899951
0.007358413655310869
0.007131410762667656
0.006916858721524477
0.00671667093411088
0.006528383586555719
0.0135506521910429
0.012865334749221802
0.01222267746925354
0.0116061270236969
0.01103040762245655
0.010481804609298706
0.009971381165087223
0.009487935341894627
0.009039687924087048
0.008617620915174484
0.008227690123021603
0.007862656377255917
0.007526733446866274
0.007214149460196495
0.0069276983849704266
0.006662738975137472
0.006420995108783245
0.006198758725076914
0.012869731523096561
0.012082759290933609
0.011357988230884075
0.010675938799977303
0.010050404816865921
0.009465983137488365
0.008932065218687057
0.008436625823378563
0.007985925301909447
0.0075706359930336475
0.007194586098194122
0.006850524339824915
0.006540571339428425
0.006259048357605934
0.006006807088851929
0.005779338534921408
0.011705169454216957
0.01090299990028143
0.010174705646932125
0.009500762447714806
0.008891635574400425
0.008332446217536926
0.00782947987318039
0.007371455896645784
0.006961732171475887
0.00659167068079114
0.006262695882469416
0.005968084558844566
0.005707894917577505
0.01183692179620266
0.010949880816042423
0.010133090429008007
0.009400207549333572
0.00873116496950388
0.00813386868685484
0.007593322079628706
0.007113544270396233
0.006683306768536568
0.006303960457444191
0.005967005621641874
0.005672143772244453
0.005412712227553129
0.010957286693155766
0.01007408369332552
0.009287593886256218
0.008575174026191235
0.007944293320178986
0.0073783062398433685
0.006880337372422218
0.006438101641833782
0.006052028853446245
0.005712772253900766
0.005419138818979263
0.005163867026567459
0.010266471654176712
0.009397794492542744
0.008630967698991299
0.007943679578602314
0.007340857293456793
0.00680621899664402
0.006340955849736929
0.005932983942329884
0.00558116938918829
0.005276309791952372
0.005015956703573465
0.009970325045287609
0.009093375876545906
0.008309375494718552
0.007624451071023941
0.007018804084509611
0.006493859458714724
0.006035225000232458
0.00564151955768466
0.005301897879689932
0.005013434682041407
0.010166608728468418
0.009221875108778477
0.008381028659641743
0.007650215644389391
0.007007133215665817
0.00645278487354517
0.005971146281808615
0.0055601648055016994
0.00520795863121748
0.004910887684673071
0.009959565475583076
0.008997727185487747
0.008146846666932106
0.007411710452288389
0.006769178435206413
0.006219001021236181
0.005744579713791609
0.0053428784012794495
0.005001564975827932
0.004716149065643549
0.009388343431055546
0.008460543118417263
0.007646075915545225
0.006947280839085579
0.006341804284602404
0.0058275992050766945
0.005388634279370308
0.005020498298108578
0.0047111427411437035
0.009486107155680656
0.008502393960952759
0.0076582171022892
0.006924713961780071
0.006301008630543947
0.005766793619841337
0.00531802698969841
0.0049398308619856834
0.004626561887562275
0.009343510493636131
0.008355839177966118
0.007496073376387358
0.006764838006347418
0.0061371843330562115
0.00560940383002162
0.005163704045116901
0.004794192034751177
0.0044876206666231155
0.008920525200664997
0.007953144609928131
0.007131117861717939
0.006425137165933847
0.005831699352711439
0.0053302086889743805
0.004914587363600731
0.004569759126752615
0.0042885285802185535
0.008321401663124561
0.007421431131660938
0.006648731883615255
0.005999852903187275
0.0054517630487680435
0.004997988697141409
0.004621800500899553
0.004315497353672981
0.008542926050722599
0.007585875689983368
0.006765488535165787
0.006078043021261692
0.005498388782143593
0.005019573029130697
0.0046235183253884315
0.004301947075873613
0.008599556051194668
0.007610073313117027
0.006764187477529049
0.0060575129464268684
0.005463432986289263
0.004974318202584982
0.004571208264678717
0.004245213698595762
0.00848854798823595
0.007492967881262302
0.0066449628211557865
0.005939151626080275
0.0053483350202441216
0.004864035174250603
0.0044669341295957565
0.0041474937461316586
0.008220427669584751
0.007244674488902092
0.006417473312467337
0.005732076708227396
0.005161574576050043
0.004696536809206009
0.004317719489336014
0.004015000537037849
0.007816488854587078
0.006884641945362091
0.006099262740463018
0.005452150013297796
0.0049172211438417435
0.00448423158377409
0.004134364426136017
0.008315492421388626
0.007276275660842657
0.006413847208023071
0.0056924233213067055
0.005102282855659723
0.004618855658918619
0.004231011960655451
0.003920840099453926
0.007613245863467455
0.006671277340501547
0.005894544068723917
0.005250563845038414
0.004728283267468214
0.004305022303014994
0.003968963865190744
0.007892799563705921
0.006894284393638372
0.006058197468519211
0.005374219734221697
0.004813103005290031
0.004362661391496658
0.0040021068416535854
0.008057678118348122
0.007006363943219185
0.006141189951449633
0.005424411501735449
0.004843824543058872
0.004373688716441393
0.004001038148999214
0.003707049647346139
0.007046331185847521
0.006153683643788099
0.005425531882792711
0.004829713609069586
0.004352996125817299
0.003972747828811407
0.00367567827925086
0.007020079530775547
0.006123662926256657
0.005383771378546953
0.0047869570553302765
0.004305874463170767
0.003926520701497793
0.003629029728472233
0.006895629223436117
0.006001458037644625
0.005275883246213198
0.0046858214773237705
0.004216726403683424
0.003845342667773366
0.003557485295459628
0.006710941903293133
0.005842701531946659
0.00513120274990797
0.004561492707580328
0.0041063036769628525
0.0037506811786442995
0.007487272843718529
0.0064664739184081554
0.005624931305646896
0.004947412759065628
0.004401807207614183
0.003972397651523352
0.0036363655235618353
0.007108906749635935
0.006135997362434864
0.005349609535187483
0.004712262190878391
0.004207606427371502
0.003809826448559761
0.0035031780134886503
0.00669467356055975
0.005792189855128527
0.005056704860180616
0.004471293184906244
0.004006633069366217
0.003646252444013953
0.007271778769791126
0.006250863894820213
0.005415214691311121
0.004747461061924696
0.0042143696919083595
0.0037986754905432463
0.003476874902844429
0.006690529175102711
0.005759664811193943
0.005013663787394762
0.004415362142026424
0.003946822602301836
0.003582239616662264
0.007119109388440847
0.006095463875681162
0.00527352886274457
0.004611981566995382
0.004092148505151272
0.0036859081592410803
0.0033758077770471573
0.006437730509787798
0.0055393921211361885
0.004814082756638527
0.0042424569837749004
0.0037939869798719883
0.003450447926297784
0.006759360898286104
0.005788816604763269
0.005003403406590223
0.004383091814815998
0.003894891357049346
0.0035198854748159647
0.007050905376672745
0.0060140457935631275
0.005173684097826481
0.004509035963565111
0.003984727896749973
0.003581167198717594
0.003273336449638009
0.006188447121530771
0.005303820129483938
0.004603610839694738
0.004050505813211203
0.003624219913035631
0.0032986511941999197
0.006325886584818363
0.00540426978841424
0.004674738273024559
0.004098068457096815
0.003653457388281822
0.003313714638352394
0.006422311533242464
0.005471978336572647
0.004720014985650778
0.004125620704144239
0.003667420009151101
0.0033173540141433477
0.006475022528320551
0.005504844710230827
0.004737782757729292
0.004131893161684275
0.0036652013659477234
0.0033089451026171446
0.006483178585767746
0.005502220708876848
0.004727612715214491
0.004116501659154892
0.0036464647855609655
0.0032882369123399258
0.006446585990488529
0.005464167799800634
0.004689627792686224
0.00407974049448967
0.003611556952819228
0.0032555805519223213
0.006366899237036705
0.005392111372202635
0.004625089932233095
0.004022585693746805
0.0035613267682492733
0.0032116747461259365
0.006246444769203663
0.005288072396069765
0.004535801243036985
0.0039466992020606995
0.0034971246495842934
0.0031576533801853657
0.006088852416723967
0.0051551703363657
0.004424368031322956
0.0038541557732969522
0.00342071452178061
0.0030949339270591736
0.005898416507989168
0.004997011739760637
0.004293802194297314
0.003747509326785803
0.0033341883681714535
0.003025170648470521
0.005680035334080458
0.004817701876163483
0.004147602245211601
0.00362964509986341
0.003239847719669342
0.002950167516246438
0.005439114756882191
0.004621756728738546
0.003989430610090494
0.003503504442051053
0.003139997599646449
0.006170984823256731
0.0051951478235423565
0.004424364771693945
0.003831134643405676
0.003378195222467184
0.00304159102961421
0.005852238740772009
0.00493651581928134
0.004217112436890602
0.0036665687803179026
0.003249206580221653
0.00294129247777164
0.0055205002427101135
0.004669310059398413
0.00400470569729805
0.003499416634440422
0.003119450295343995
0.006169711239635944
0.005166495218873024
0.004386417102068663
0.003781905397772789
0.0033259151969105005
0.0029862485826015472
0.0057314238511025906
0.004816200118511915
0.004108909983187914
0.0035652786027640104
0.003158834297209978
0.0028591814916580915
0.005302842706441879
0.004476075991988182
0.0038416306488215923
0.003358574351295829
0.0030009241309016943
0.005852180067449808
0.004902826156467199
0.004160653334110975
0.0035956355277448893
0.0031699000392109156
0.002858018036931753
0.005369135178625584
0.004519614391028881
0.003861093893647194
0.0033643883652985096
0.0029943431727588177
0.005866870284080505
0.004896121099591255
0.004147449042648077
0.0035730483941733837
0.0031444632913917303
0.002829244825989008
0.0053099081851542
0.00445752264931798
0.0038056501653045416
0.003311230568215251
0.002946773311123252
0.005764354020357132
0.004809390287846327
0.00406641187146306
0.003503746585920453
0.0030823899433016777
0.0027758534997701645
0.005181192886084318
0.004350884817540646
0.0037116478197276592
0.0032330418471246958
0.0028796205297112465
0.005565021652728319
0.004637656267732382
0.003927635028958321
0.003387827193364501
0.0029890656005591154
0.002699204720556736
0.004944429732859135
0.00415401766076684
0.0035552806220948696
0.0031065347138792276
0.002779947593808174
0.005272546783089638
0.004405203741043806
0.0037379562854766846
0.0032387408427894115
0.0028704411815851927
0.005601165350526571
0.004648854024708271
0.0039211902767419815
0.0033690340351313353
0.002962069818750024
0.0026670373044908047
0.004903886001557112
0.004107627086341381
0.003506282577291131
0.0030572032555937767
0.0027317055501043797
0.0051709809340536594
0.004311417229473591
0.0036528294440358877
0.0031623286195099354
0.002802426228299737
0.005430116783827543
0.004501033574342728
0.00379440700635314
0.00326134217903018
0.0028709527105093002
0.002590043703094125
0.00469515984877944
0.003934129141271114
0.0033629818353801966
0.002939737169072032
0.0026355364825576544
0.0048937262035906315
0.004084291867911816
0.0034688073210418224
0.0030142508912831545
0.0026840411592274904
0.005079412832856178
0.004217423032969236
0.0035667240153998137
0.0030806632712483406
0.0027284985408186913
0.005266374908387661
0.004360204562544823
0.003667231649160385
0.0031521948985755444
0.0027751666493713856
0.005434580612927675
0.004479558672755957
0.003755825338885188
0.0032119080424308777
0.002815339947119355
0.002531504025682807
0.004595840349793434
0.003836363321170211
0.0032695159316062927
0.002852198900654912
0.0025544175878167152
0.004709282424300909
0.003921350929886103
0.0033266316168010235
0.0028909780085086823
0.0025775341782718897
0.004804369527846575
0.0039855302311480045
0.003372534643858671
0.0029193744994699955
0.0025947117246687412
0.00489425752311945
0.004053316079080105
0.0034168525598943233
0.0029492261819541454
0.0026115786749869585
0.004962916020303965
0.00409715948626399
0.0034479883033782244
0.0029668635688722134
0.0026213338132947683
0.00502493791282177
0.004144197795540094
0.003476751036942005
0.0029856408946216106
0.0026303662452846766
0.005063546821475029
0.004165012389421463
0.0034909709356725216
0.002990942681208253
0.002631500829011202
0.005094829015433788
0.004189013037830591
0.0035024844110012054
0.0029972598422318697
0.002631712704896927
0.005101559683680534
0.004185511264950037
0.0034987791441380978
0.002989536616951227
0.0026237345300614834
0.005101100075989962
0.004185514524579048
0.0034924023784697056
0.0029829523991793394
0.002614846918731928
0.005076193250715733
0.004158100578933954
0.00347096542827785
0.0029623834416270256
0.002597773214802146
0.005044020712375641
0.004134169314056635
0.003446917049586773
0.002943018451333046
0.0025800063740462065
0.004988706670701504
0.004084020387381315
0.0034086545929312706
0.0029104105196893215
0.0025545458775013685
0.0049269855953752995
0.004037789534777403
0.0033683248329907656
0.0028793257661163807
0.0025286858435720205
0.004843995440751314
0.0039672101847827435
0.0033150711096823215
0.00283623649738729
0.0024959961883723736
0.00475584389641881
0.0039011547341942787
0.0032605959568172693
0.0027951053343713284
0.0024633510038256645
0.004649220500141382
0.0038135710638016462
0.003194978693500161
0.0027435992378741503
0.0024250256828963757
0.004539051093161106
0.0037310428451746702
0.003129072254523635
0.0026944810524582863
0.0023872421588748693
0.004413662012666464
0.0036305307876318693
0.003054297063499689
0.00263709994032979
0.002345130080357194
0.004286575596779585
0.003535590600222349
0.0029801810160279274
0.0025825086049735546
0.002304042223840952
0.004147758241742849
0.0034263404086232185
0.0028994709718972445
0.002521669492125511
0.0049195559695363045
0.0039987340569496155
0.00331549858674407
0.0028149266727268696
0.002460228046402335
0.004734520800411701
0.0038605346344411373
0.0032082071993499994
0.0027362797409296036
0.0024017654359340668
0.004538996610790491
0.0037071965634822845
0.003094983287155628
0.0026513850316405296
0.0023407565895467997
0.004348089452832937
0.0035651721991598606
0.002986565697938204
0.0025726754684001207
0.002283186186105013
0.004151355009526014
0.003413168014958501
0.002875274745747447
0.002490496961399913
0.00222476152703166
0.003960953094065189
0.003272402798756957
0.002769596641883254
0.002414657734334469
0.0046450672671198845
0.003777226433157921
0.003132252488285303
0.0026678666472434998
0.0023406031541526318
0.0043958500027656555
0.003584907855838537
0.002991311950609088
0.002564032096415758
0.002267083153128624
0.004158644936978817
0.00340938288718462
0.002859686501324177
0.0024696877226233482
0.0021995287388563156
0.003923970274627209
0.0032310232054442167
0.0027303725946694613
0.0023760213516652584
0.0045550428330898285
0.003693904262036085
0.0030622694175690413
0.002606230089440942
0.002288324059918523
0.004274019505828619
0.003485984867438674
0.0029067439027130604
0.0024949267972260714
0.0022090147249400616
0.004000792745500803
0.003278882009908557
0.0027567457873374224
0.002386632841080427
0.0046256426721811295
0.0037373851519078016
0.003085810923948884
0.002615142147988081
0.0022869145032018423
0.004306854214519262
0.003501709084957838
0.0029101164545863867
0.002489701844751835
0.002197998110204935
0.004001622088253498
0.0032711925450712442
0.002743517979979515
0.0023699773009866476
0.004603102803230286
0.003711868077516556
0.003059276845306158
0.0025888211093842983
0.0022614721674472094
0.0042549301870167255
0.0034550181590020657
0.0028687838930636644
0.002453334629535675
0.002166086807847023
0.003926848992705345
0.0032084595877677202
0.0026912095490843058
0.002326543675735593
0.004490439314395189
0.003620079718530178
0.002984964055940509
0.002529097255319357
0.0022134657483547926
0.0041238246485590935
0.003350405488163233
0.0027862333226948977
0.0023885462433099747
0.0021153211127966642
0.003783285617828369
0.0030961791053414345
0.002604142064228654
0.0022595750633627176
0.004297300707548857
0.0034695754293352365
0.002868738491088152
0.002440499607473612
0.002146332059055567
0.003923872020095587
0.003196189645677805
0.0026690673548728228
0.002300447318702936
0.004462763201445341
0.003589934203773737
0.0029487458523362875
0.0024930532090365887
0.002176918089389801
0.0040473248809576035
0.0032785828225314617
0.0027246419340372086
0.002333509037271142
0.002067562425509095
0.0036782091483473778
0.0030100583098828793
0.0025305203162133694
0.0021986630745232105
0.004150006920099258
0.0033518990967422724
0.0027707964181900024
0.0023619895800948143
0.0020818188786506653
0.0037479728925973177
0.0030535575933754444
0.0025579894427210093
0.0022123889066278934
0.004209764301776886
0.003387554083019495
0.0027934915851801634
0.002372459275647998
0.0020850824657827616
0.00378748239018023
0.003080003196373582
0.0025709597393870354
0.0022177028004080057
0.0042541478760540485
0.0034185966942459345
0.002809438854455948
0.002380210906267166
0.0020855655893683434
0.0038054990582168102
0.0030859499238431454
0.0025721753481775522
0.002213609404861927
0.004251801874488592
0.0034087111707776785
0.0027998536825180054
0.0023683756589889526
0.0020739941392093897
0.003791548078879714
0.003073823871091008
0.002557972678914666
0.00220050779171288
0.004233619198203087
0.0033941222354769707
0.0027832332998514175
0.002353683114051819
0.00205956120043993
0.0037562837824225426
0.003041371935978532
0.002532325219362974
0.00217821286059916
0.004170043393969536
0.003339664777740836
0.0027419249527156353
0.0023200230207294226
0.0020335386507213116
0.003690624376758933
0.002991993213072419
0.0024921996518969536
0.0021476661786437035
0.004092516843229532
0.003281783778220415
0.002694793278351426
0.002284431364387274
0.0020053850021213293
0.0036066267639398575
0.0029248930513858795
0.0024424323346465826
0.002109374850988388
0.003974967636168003
0.0031888026278465986
0.00262637622654438
0.0022326342295855284
0.001967562362551689
0.003497000318020582
0.0028442691545933485
0.002381150145083666
0.0020648716017603874
0.003847702406346798
0.0030951325315982103
0.002554719801992178
0.002180602168664336
0.004243776667863131
0.0033813701011240482
0.00275553110986948
0.0023167897015810013
0.0020174039527773857
