0.6931471805599227
0.5105519723986818
0.44504067466985386
0.33140621160462735
0.3054095784343005
0.2912650943105597
0.26972175159602807
0.25793178805108635
0.2494645089667803
0.2449980562423915
0.2414554440963351
0.23820362796766623
0.23573765894259788
0.2345382472154986
0.23174697257426213
0.23012671659728806
0.2274906756069662
0.2259580613287316
0.22428508413392376
0.2225767464604553
0.22193674957364273
0.22077060614634256
0.21927734534829624
0.21863947503589573
0.21810638075098857
0.21773326823881528
0.21648783057657578
0.21530434587390015
0.21476340320509252
0.21428219410383856
0.21386372434730624
0.21354352926301773
0.21258934547447897
0.21163079006211355
0.21143564229016132
0.21038338656705924
0.209592780043004
0.2092143727393739
0.2088597019951778
0.20853731100272033
0.20824378301381002
0.20799847902582022
0.20734856794168716
0.20666729033612308
0.2062645711754943
0.206039477994416
0.20583717792657463
0.20519138713127894
0.20462303659638256
0.2043465872008491
0.20415389190463418
0.20362016584575676
0.20311372334971475
0.20279267746862153
0.20259494617390467
0.2024166436672026
0.20224644052508425
0.20177040897189424
0.20133410297243065
0.20101589942030829
0.20083046076574174
0.2006551771602204
0.20048449537823407
0.20032641888574507
0.20017145674707293
0.20003264299987245
0.19960425442318286
0.1992386516884602
0.1989148667574364
0.19874701555408875
0.19858213042175832
0.1984210094032117
0.1982625774499567
0.19810806494808883
0.1979558895622556
0.19780787872025343
0.19766175200047856
0.19752013050618744
0.19737980986422346
0.19724445830376489
0.19710965542572628
0.19698041900823643
0.19685079077177214
0.19672747565446866
0.19660260867017085
0.1964849591179802
0.19636437080850797
0.19625207011187493
0.1959247007266203
0.19566399503128007
0.19541281313959877
0.195195124714814
0.1950753305956549
0.19495730375460213
0.19484032212291402
0.19472508292292734
0.19461074997589575
0.1944981415567225
0.19438630234623624
0.19427617280174664
0.19416668228831502
0.19405888729109422
0.19395160803189535
0.19384601334910373
0.19374081836248272
0.1936372973538042
0.19353407696679134
0.1934325160485184
0.1933311674877914
0.19323146054506374
0.19313189495610755
0.19303395178635374
0.19293609691334374
0.19283983580853495
0.1927436253584065
0.19264898060862182
0.19255436288891004
0.19246127399484914
0.19236820648616798
0.19227662733078554
0.19218507626747933
0.19209496744035126
0.19200490750052732
0.19191623644068512
0.19182764660940196
0.19174038936237983
0.1916532520447135
0.19156738883183339
0.191481686968438
0.19139720258900386
0.19131292220316728
0.19122979931414533
0.1911469283836579
0.19106515512382524
0.19098367752915613
0.19090323821898314
0.19082313947832333
0.1907440194068891
0.19066527957861676
0.1905874643304576
0.19051006177436516
0.19043353108120398
0.19035744229518714
0.1902821792326384
0.19020738006017474
0.19013335874515028
0.19005981936454464
0.1899870175928101
0.18991471179257896
0.18984310113579683
0.18981336890334868
0.18973633752089442
0.18965794184004292
0.18958259648875572
0.18950639513950157
0.18943278600339516
0.18935870778795436
0.18928682352401188
0.18921476301342485
0.18914455608209618
0.18907439036320078
0.1890057929787837
0.1889373926395629
0.18887032572049983
0.18880356669353945
0.18873794936862903
0.18867271221384807
0.1886084598621241
0.18854463353432058
0.18848166497748914
0.18841914675315294
0.1883573831778356
0.18829608173702922
0.1882354515321169
0.18817528384391302
0.18815033166262407
0.18808046006075568
0.1880137882999637
0.18794709326577524
0.18788290874458635
0.18781897251527613
0.18775700820534924
0.18769544472354785
0.18763543940860478
0.18757591513872235
0.18751763464969406
0.1874598635415124
0.18740309712209938
0.187346845452678
0.18729141963100804
0.1872364889368858
0.18718225129288915
0.1871284858680561
0.1871081540413966
0.18704373004681288
0.18698262471826874
0.18692202996127263
0.1868639019369661
0.18680640203006332
0.18675074622290028
0.1866957442899131
0.18664213556275358
0.18658915364705186
0.18653724242578795
0.18648591388435687
0.18643542090964849
0.18638545816816873
0.18633616449281745
0.1862873470471963
0.18626158715602628
0.18620298960897924
0.18614739575518444
0.18609267670124657
0.18604010666653703
0.18598836643890018
0.18593818291257866
0.18588874464268246
0.18584044623097715
0.1857927985819503
0.18574600717219863
0.18569977435758098
0.18565420054491114
0.18563740518347133
0.18558183874175663
0.18552745100443754
0.18547592582583894
0.1854254766701854
0.185377010182189
0.18532946760285646
0.18528331540630025
0.18523793242272013
0.18519354499359497
0.18514978841079419
0.1851067629739508
0.18506425613534033
0.18504327195954484
0.18499066545114762
0.18494119886200633
0.18489300488309854
0.1848469231924326
0.1848018750335892
0.18475826546280125
0.1847154785485973
0.18467369271850656
0.18463255612289253
0.18459213139818448
0.18455222354212636
0.184528381868642
0.18447922462811356
0.18443298302202057
0.184388075496645
0.1843450851918697
0.18430312493147125
0.18426244634448186
0.18422255246609961
0.18418353288912684
0.1841451127896327
0.1841073094781099
0.18408433776543015
0.1840380754989509
0.18399344538807863
0.1839511602639808
0.1839101036120864
0.18387056468466487
0.18383193519280444
0.18379430656000723
0.18375734995379236
0.18372107378755256
0.1837042444266015
0.1836586124672085
0.18361485584190898
0.18357369290197242
0.18353389686749064
0.18349574068989224
0.1834585663031477
0.18342244682194841
0.18338703176708818
0.18335231575957747
0.1833366705950768
0.18329259443356713
0.1832505136195405
0.1832110303801723
0.1831729565323153
0.18313649348709782
0.18310101546895147
0.18306655634355262
0.18303278470748754
0.1829996764577579
0.18298098003503116
0.18293935912870588
0.18289969609554957
0.18286239540104127
0.1828264389071306
0.182791927465082
0.18275833264530708
0.18272564061268154
0.1826935772172432
0.18267899342129953
0.1826372600236407
0.18259879640729126
0.18256209394298323
0.18252733717547603
0.18249375825704
0.18246135773535896
0.18242974151511546
0.18239885772431458
0.1823850370623176
0.1823450927893249
0.18230737882369097
0.18227219104997894
0.1822384730819933
0.18220624707971228
0.18217497888938247
0.18214461227751189
0.18211487531968096
0.18209925539921368
0.18206062654326038
0.18202508238811474
0.18199128322676356
0.18195927470207313
0.18192838060380687
0.18189854388509785
0.18186942502498243
0.1818409460413844
0.18182140313543013
0.18178558152396582
0.1817517633755235
0.1817200070232103
0.1816895149014144
0.1816602164320055
0.18163171600910055
0.18160392390396074
0.18158844812922273
0.18155262079632425
0.18151900911403906
0.18148765905944622
0.1814576870692241
0.18142900198007048
0.1814011735650021
0.18137409446465863
0.1813609915199023
0.18132554086468658
0.18129244186383953
0.18126171101122548
0.1812324186617358
0.18120445473326965
0.18117736728246572
0.18115104555527392
0.18113856096271866
0.1811039236583115
0.18107167663013787
0.1810417928764882
0.18101335014667377
0.1809862167403109
0.180959949885712
0.1809344268175126
0.1809209806565138
0.18088756818673424
0.18085649073386453
0.18082766180399715
0.18080022312644153
0.18077401626046807
0.18074863463410137
0.18072394571191117
0.1807082924020623
0.18067644385947385
0.18064679175402684
0.18061918098453988
0.18059285620432525
0.18056764381778828
0.1805431863355066
0.18053369114472032
0.18050038885253997
0.1804704113651025
0.18044239084046312
0.18041613960980912
0.18039101755814493
0.18036685312975884
0.18034334725074833
0.18032871610169182
0.18029791550512256
0.18026988515015227
0.180243532826383
0.18021864851570146
0.1801947197035875
0.18017158252060075
0.18016051764439184
0.1801296317231236
0.18010121475307037
0.18007504063276047
0.18005026206315777
0.18002666274701534
0.1800038536650738
0.17999562996978444
0.1799641852756729
0.1799360800125999
0.17990996190779757
0.17988556817425758
0.17986228203470175
0.1798399018681447
0.17981814840510357
0.17980220790564502
0.17977409377139697
0.17974846400425176
0.17972436644075343
0.17970155419488362
0.17967958931266184
0.17965829790807014
0.1796430767926511
0.17961561538258883
0.17959025791947109
0.17956670265701322
0.17954429999347216
0.17952282696338578
0.1795019891346027
0.17948685624985897
0.1794597957579058
0.17943520707422397
0.17941214847080642
0.17939034141002538
0.17936936706236464
0.17934903971719163
0.17933330644559217
0.1793072670924192
0.17928324250595634
0.17926089399994938
0.1792396281087431
0.1792192122341903
0.17921070449260135
0.17918279011886926
0.17915748126945552
0.1791343815615818
0.17911266810579282
0.17909205890967675
0.17907218706592407
0.179061473794605
0.17903462131293452
0.17901060967702684
0.17898832657844535
0.17896744478903065
0.17894747202324127
0.17892820231248188
0.1789149008379804
0.17888971633303302
0.17886667614183893
0.17884539064135327
0.17882522640320886
0.1788059314960398
0.17879805376313423
0.17877148694235492
0.17874753643441316
0.1787257511001529
0.1787053223405692
0.17868595025522863
0.17866728255513742
0.17865556482105602
0.17863064367577058
0.1786083197676869
0.1785875963358806
0.17856812915921608
0.1785494830624845
0.17854192339205668
0.17851594858625386
0.1784930363471068
0.17847198498583067
0.17845239771002286
0.17843375774076328
0.1784158312873926
0.1784035097255709
0.1783799303408133
0.17835849017049113
0.17833874465234836
0.17832007984499354
0.1783022294206053
0.17829302244858283
0.1782687634291297
0.17824692481359952
0.17822701791150036
0.17820832311672913
0.17819054734716205
0.17818430977995728
0.17815939351773946
0.17813717990097255
0.17811712022469006
0.17809840788885092
0.17808070900189607
0.17806368312478985
0.17805152022579018
0.1780290320185747
0.1780088898170468
0.1779902022680942
0.17797261071485707
0.1779557424523232
0.17794516674222605
0.17792248014209386
0.17790230571578566
0.1778836769388911
0.17786621735544314
0.17784951734434867
0.17784022718537174
0.17781743788052848
0.17779729448715012
0.1777787703704874
0.17776146520315828
0.17774495272732618
0.17773660648276468
0.1777138302160493
0.17769378746665782
0.177675418824141
0.1776583011433552
0.17764199369664002
0.17763424103040845
0.17761159824023462
0.17759173629395827
0.1775735743544407
0.17755667780932288
0.1775405971720779
0.17753307811308097
0.17751069669194852
0.17749109747496297
0.1774731951912582
0.1774565506612295
0.1774407181967371
0.1774331000082962
0.17741109815381118
0.1773918354695888
0.17737424461143336
0.1773578849925013
0.17734232115970078
0.17733429098307898
0.177312783046789
0.17729392984926595
0.17727669530970788
0.17726064878672318
0.17724536965387033
0.17723666510165048
0.17721574906538057
0.17719736134396732
0.17718052323208305
0.17716481369017728
0.17714983129864253
0.17714023928743394
0.17711999424398508
0.17710212287014293
0.17708571071904658
0.1770703532045259
0.17705567746363096
0.17704504272350097
0.1770255269737401
0.17700820496954167
0.1769922407009305
0.17697724569857293
0.17696288495045343
0.17695110084100374
0.17693235102202062
0.17691560173473755
0.17690009444008425
0.17688546964472282
0.17687899865887588
0.17685854249039037
0.17684053841419978
0.17682434746768683
0.17680928467887033
0.17679501679440854
0.17678671171320418
0.17676725456520473
0.17675001192816517
0.17673438020087368
0.17671975835302187
0.17670584392705263
0.17669572705376574
0.17667726808787035
0.17666076948936962
0.17664568772711886
0.176631499552748
0.17662625850700642
0.17660596645195567
0.17658850738648313
0.17657275524314628
0.17655822444678007
0.1765444629179182
0.17653652265463426
0.1765176010516022
0.17650108597903846
0.1764860359745683
0.17647201897204234
0.17645866244415304
0.1764483039795753
0.17643063986505125
0.17641499459264792
0.17640059219436122
0.17638705262208035
0.17638057538578777
0.17636167461887142
0.1763451218465455
0.17633025030233418
0.17631642124623542
0.17630331312345196
0.17629400534887604
0.1762764958312642
0.1762609401126823
0.1762467685544359
0.17623346319916064
0.17622781412607538
0.17620891870739067
0.17619267549527934
0.1761780294212635
0.176164498442926
0.17615167096885956
0.1761426799788159
0.17612542101490933
0.17611027509312824
0.17609641645702173
0.17608344691676367
0.17607766834180913
0.1760594013992449
0.1760434984045653
0.17602927207794272
0.17601607793793203
0.17600358865322427
0.17599438192262018
0.1759777478000214
0.17596299707459648
0.1759495562510806
0.1759369337880257
0.17593048495431984
0.1759128150931641
0.17589758032233566
0.1758838107127164
0.1758710490533612
0.17585892047712687
0.1758489234702514
0.17583298438355585
0.175818891507628
0.17580592992262176
0.17579373249700567
0.1757859452294597
0.1757693563412838
0.17575477875888249
0.17574160280450216
0.17572928922391834
0.1757239256606757
0.17570640934267145
0.17569143195303327
0.17567797107174757
0.17566555340967233
0.1756537832412847
0.17564437241141326
0.17562879803791712
0.1756150912538891
0.1756025135756477
0.17559069982631648
0.17558309995467555
0.17556702247692538
0.1755529311901512
0.1755401981119191
0.17552830957041216
0.1755226222687451
0.1755058237608503
0.17549144518265147
0.1754785141186193
0.17546656176813943
0.1754552273804882
0.17544540382425053
0.1754305939639467
0.17541750465195005
0.17540546158012765
0.1753941160437514
0.1753856274961354
0.17537048753146292
0.17535714370141167
0.17534501754671694
0.17533364338265545
0.17532651570828006
0.17531089432405905
0.17529738759795685
0.17528515412735376
0.17527376761054989
0.1752679751239579
0.17525203225170288
0.1752382456526299
0.17522592692443392
0.17521450551678144
0.17521004871421292
0.17519359557658576
0.17517966714322383
0.17516723822773095
0.17515580950156165
0.17514500225735816
0.17513580393965317
0.1751216194221861
0.17510913550309767
0.17509768263830755
0.17508690564865725
0.17507852228550327
0.17506420250811766
0.1750515947991943
0.1750401361422203
0.1750293797083691
0.17502177401593325
0.17500721298079105
0.17499458103890297
0.17498310440054982
0.17497238820784672
0.17496547746372818
0.17495083597138497
0.17493810182819006
0.17492663484533771
0.17491594693839854
0.17490967302783084
0.17489483508207845
0.17488211307383406
0.17487065331637552
0.17486001822470743
0.1748542784461383
0.17483943029542165
0.17482663697133163
0.17481521056000898
0.17480461550505694
0.17479934166258213
0.17478435941971213
0.17477162788725292
0.17476023044891612
0.17474970501368622
0.1747447752264318
0.17472986739756155
0.17471710432668083
0.1747057741856672
0.1746953036808563
0.17469064435296
0.174675678602462
0.17466303214082943
0.1746517576991659
0.17464137588520304
0.17463686345920695
0.17462205236099432
0.17460942646312233
0.17459824724936981
0.1745879405160125
0.17458350104121503
0.1745687151926246
0.17455625487896423
0.17454516426640176
0.17453496154971032
0.17453047479353842
0.17451592650652195
0.17450353821191977
0.17449257115239927
0.1744824646054754
0.17447786186935918
0.17446341967183884
0.1744512432406072
0.17444039636932282
0.17443040846483232
0.1744255850256929
0.1744114506030206
0.17439939239845356
0.17438869353740402
0.1743788176046989
0.17437371984385575
0.17435976865318908
0.1743479572224366
0.17433740437273973
0.17432766151246384
0.17432219802265306
0.1743086091559753
0.1742969606620698
0.1742865783229003
0.17427695477624972
0.17427109389981976
0.1742577526184383
0.1742463737490857
0.17423615489107327
0.1742266739515088
0.174220351386483
0.1742074021053954
0.1741962225354115
0.17418618430976832
0.1741768335490813
0.17417002906946408
0.17415737580624316
0.17414647617279316
0.17413661518580517
0.1741274131788479
0.17412008947147367
0.17410783981266786
0.17409715961305797
0.1740874858929547
0.17407841893607578
0.1740705757456521
0.174058649043338
0.17404824845025899
0.17403875403378302
0.17403521128751784
0.17402139822023752
0.17400989362600508
0.1739997370519638
0.17399043672429254
0.17398595299903918
0.17397275533160217
0.1739615672358613
0.17395166898780545
0.17394254144797014
0.17393715656875583
0.17392443120619258
0.17391364224497302
0.17390398400842316
0.1738950405334803
0.1738887727420857
0.17387661999573795
0.1738661398784561
0.1738567263408683
0.17384795028118433
0.17384085160775115
0.17382915597964974
0.17381904011486055
0.17380985223930795
0.17380124579371475
0.17379335861329695
0.17378217855712555
0.17377235673613303
0.1737633927408826
0.1737591220411936
0.17374637021382844
0.17373559723506318
0.17372608652994934
0.17371732359735567
0.1737118763766487
0.17369972623438776
0.17368942059167244
0.1736801911436658
0.1736716345961789
0.17366509820845094
0.17365360953456127
0.1736436727784592
0.17363471416702464
0.17362633922867776
0.17361882479566737
0.17360786763273847
0.1735983239783177
0.17358961345846066
0.17358540408365788
0.17357297315193732
0.17356258167069458
0.17355337203059515
0.1735448991420757
0.17353932352734203
0.173527688110002
0.17351773726505418
0.17350883979264348
0.17350057437422955
0.17349379976795834
0.17348279370934458
0.173473298681689
0.17346468647959087
0.1734612365899696
0.17344873696634566
0.17343838061868422
0.17342926311910825
0.1734209141702461
0.17341587323657637
0.1734042783513952
0.1733944188352818
0.17338565277732157
0.17337753032445125
0.17337112157233026
0.1733602328709521
0.1733508783521478
0.17334241770478573
0.17333920404486963
0.1733268705469823
0.17331669138399206
0.1733077459900101
0.1732995678819593
0.17329461602911747
0.17328325402007136
0.1732736125431011
0.17326504123853712
0.17325710103636277
0.17325068420049877
0.1732400815962409
0.1732309627173813
0.173222710535465
0.173219229882766
0.17320729421296593
0.17319741933328375
0.17318872778964195
0.1731807626932015
0.17317549499488816
0.17316455115933613
0.1731552319078563
0.17314691567634058
0.17313919248524742
0.17313245049414788
0.1731222714283527
0.17311347508663807
0.17310547959721587
0.17310131463348064
0.17308997168626866
0.17308051041201214
0.17307213258717374
0.17306441582625487
0.1730585189220432
0.17304813630336488
0.1730392200428072
0.1730312043778136
0.17302809129499372
0.17301645680219113
0.1730067989193026
0.17299837057997974
0.17299065468983602
0.17298556583467475
0.1729749261591194
0.17296594071704788
0.17295791184999454
0.17295046138817394
0.17294376601549155
0.17293401962206809
0.17292554942089383
0.17291785706251736
0.1729134535039107
0.17290267912397497
0.17289360592378855
0.1728855826111769
0.17287816850990728
0.17287199017286492
0.17286212825386574
0.1728536626399053
0.17284599946573104
0.17284210745185855
0.17283120216078837
0.1728221468057218
0.17281414848508422
0.17280679441216715
0.17280097635003422
0.17279112439934857
0.17278266663980713
0.17277505873913254
0.17277156348781006
0.1727606597355725
0.1727515874835
0.1727436397608283
0.17273634507901403
0.1727308071655119
0.1727209448698496
0.1727125554845284
0.17270501274498845
0.17270170993637735
0.17269081596436678
0.17268184705287098
0.17267397786949532
0.17266676693710245
0.17266133890493235
0.1726516008964766
0.17264328593354933
0.17263583513010505
0.17263260475115294
0.172621864664865
0.17261296874221935
0.1726051949058677
0.17259807437965796
0.17259267759439617
0.17258304243141212
0.17257486017131
0.17256751286467262
0.1725641600545376
0.17255357811536368
0.1725448699128419
0.1725372228342688
0.17253021273001354
0.1725246908138593
0.17251528907105043
0.17250724598917191
0.1725000227112182
0.17249644617721693
0.1724861535868818
0.17247760017940147
0.17247009513044442
0.17246320015854544
0.17245749106625607
0.1724482997952878
0.17244044294677313
0.17243335480692984
0.17242939665740437
0.17241939501773085
0.17241109255205975
0.17240375504850283
0.17239698875849807
0.17239097730535086
0.17238209441076058
0.17237443119331491
0.1723674903279772
0.1723630901846864
0.17235347558273348
0.1723453912631154
0.17233822610868435
0.17233581474887802
0.17232528158741084
0.17231666929089168
0.17230921724729803
0.17230242680211197
