0.6931471805599227
0.6821147770051514
0.531996701439237
0.37701652533921326
0.32895110117237
0.31120608515235965
0.2704371873936707
0.2610659203049219
0.2531289267670396
0.24947065723967782
0.2491047025098227
0.24868525198247696
0.24840975882195537
0.24814412120697263
0.2478863092896302
0.24763582734775785
0.2473098057041464
0.24707427706195087
0.24677030490607074
0.24654867573353112
0.24626238352401048
0.24598438896779945
0.24578174738566605
0.24558425887384933
0.24539126321126023
0.24513818509240365
0.24495459493583416
0.24471277048648035
0.24453825118997854
0.24436775604800537
0.24414028800958054
0.24397747915336512
0.24375916301896497
0.24360383875656397
0.2434518459111943
0.24330272764133198
0.24315638830909853
0.24295638872510208
0.24281603800156798
0.24262332027787126
0.24243438074882015
0.24230319572851558
0.24212106394928493
0.24199516956481015
0.24187165474387728
0.24169813466649337
0.24157913652955135
0.24141127449136016
0.2412968007614085
0.24113426986651498
0.24097454151830197
0.24086670939753088
0.24071207862781388
0.2405600129306849
0.24041064439731175
0.24026388270030197
0.24016624960844304
0.24002389832699808
0.23992953995077046
0.23983666892174624
0.23969981300595472
0.23956504878139298
0.23943245817268022
0.23930200767089463
0.23917362081747287
0.2390472441389152
0.23892282756950312
0.23884243508489716
0.23872131554421688
0.2386432990054641
0.23856636950135066
0.2384493519285828
0.23837445158228057
0.23826023616859507
0.23814750051573955
0.23803637412834805
0.23796601789439778
0.23789657035680764
0.237789100849743
0.2377213608520382
0.23761628222289
0.23751246490077366
0.23741005802492898
0.23734617446298997
0.2372460827804567
0.23718381051971427
0.23712228225981982
0.23706133758797066
0.23700098129460545
0.2369411898780673
0.23684628231103558
0.236752423510682
0.23669479865204823
0.23663783638569166
0.2365813768595561
0.23649088469669594
0.23640136160385058
0.2363468767489863
0.23625917444913558
0.23617239291432895
0.23611987296577935
0.23606791013381836
0.23598345621941552
0.23589984386399218
0.23581717131600624
0.23576757870696963
0.23571850555325333
0.23566980567694987
0.23558979156336662
0.2355105487706724
0.23546337427149064
0.2354166753100155
0.23537032860582557
0.23529353428827807
0.23521745888375098
0.23514217695986153
0.23506767239798435
0.23502381834517058
0.23495062958267482
0.23490762086264666
0.23483560571054898
0.23476421431169733
0.23472251376095224
0.2346811815119015
0.23461141132089489
0.23454223393914203
0.23450204990454177
0.23446221923067254
0.23442264420824455
0.23438334199902636
0.23431643633673704
0.23427775001684534
0.23421183271361534
0.23414645037456158
0.2340816782076538
0.23404448172909248
0.23400760042250224
0.2339709393259893
0.23390784770040257
0.23384523847075997
0.23380950438647488
0.23374785240952237
0.23368666012334968
0.2336518776426437
0.23359159668026172
0.233557368043146
0.23349790624213082
0.23343887990033763
0.23338035214497266
0.2333473328834878
0.23331457074990639
0.23325717589105807
0.23320017304034993
0.23316815682050268
0.23311195479016364
0.23308042275753815
0.23304911822527732
0.2329938839352269
0.23293902941073327
0.23288461231294397
0.23285428747632586
0.23282417551180204
0.23277073184889466
0.23271764360609637
0.23268817640045675
0.23263579642379043
0.23260673908653703
0.2325549659909463
0.23250353541954005
0.2324751353586197
0.23242436645840164
0.23239636022698285
0.23236852746554706
0.23231854543820749
0.23226888057840586
0.23224161182883474
0.23219256266093555
0.2321656559932729
0.23213891038763426
0.2321122941361614
0.23206419064252168
0.23201636909123843
0.23199026845270027
0.23194302374023174
0.23189605650834313
0.23184942484987925
0.23182407306224886
0.23177798221790027
0.23173216724322643
0.23168666464369395
0.23164147078002423
0.23161701664358797
0.23159271429348757
0.23156850746617436
0.23152416488320565
0.23150020676865074
0.23145630758987673
0.23141265222836735
0.23136928900215573
0.23134597233678594
0.23132278666544684
0.2312800546852511
0.23125709947152254
0.23123426953974463
0.2311921060125462
0.23116949943454515
0.23114701602252274
0.23112462652282584
0.23110231354675248
0.23106098222145752
0.2310198698742966
0.23099792759968107
0.23097611217547628
0.2309355603677457
0.2309139424240156
0.2308737763564658
0.2308338143801006
0.2308125823819817
0.23079145529779352
0.2307704083549909
0.23073111241623642
0.23069201767178768
0.23065314850168678
0.23063257564882547
0.2305941025250183
0.23055581291171334
0.2305177537860661
0.23047992127881178
0.2304599637397051
0.2304224936092035
0.23038520802177578
0.23036557472792815
0.23034604088254915
0.23032657627540748
0.23028987388732952
0.23027056757927292
0.2302341736090915
0.2301979575598139
0.23017896460458082
0.23014308412243595
0.2301073655936186
0.2300886703152282
0.2300700547192057
0.23003478415312062
0.23001632266320543
0.22998134340540788
0.2299465079305715
0.2299118621897165
0.22989379162104237
0.22985946400182944
0.2298415601567406
0.22980750628628027
0.22978976445507743
0.2297559843228424
0.22973840424796657
0.22972089556444078
0.2297034459519867
0.22967011180830504
0.2296527901967619
0.2296355529752922
0.2296025818274214
0.22956974868011862
0.22953706917849298
0.22950456512979517
0.22947222607610626
0.2294554969911832
0.22943883226800874
0.229406848838049
0.22939030657273737
0.22937383734533556
0.22934218705460585
0.22932582788093092
0.22929441019424182
0.22927819086186912
0.22926203769777848
0.22924593293504697
0.2292149144339402
0.2291989158478113
0.22916811300170023
0.22913743811212364
0.22910690462251382
0.22909120674501865
0.22906092920130078
0.22903076088394653
0.2290152711617687
0.22898534950856791
0.2289699791692324
0.22894027592502528
0.22892503095969294
0.22890984281245985
0.22888042362087704
0.22886533712191923
0.22883611085420036
0.22882114025475722
0.2287921231425709
0.2287632115264377
0.22874842822912814
0.22873370092414505
0.22871901273924877
0.22870435882913764
0.22868974307466916
0.22867516996508713
0.22864680013256922
0.22863231825353691
0.22861788274015096
0.2286034847789499
0.22858912096387138
0.2285611553560302
0.22853328084954555
0.22850552456600814
0.22847789761223178
0.228450389494635
0.22842300205735466
0.22840906782621406
0.2283951851947989
0.2283813352060799
0.22836751566795083
0.22834051808406794
0.2283267811051356
0.2282999477657327
0.228273213109534
0.2282465848478696
0.22822007090231702
0.22819366955671289
0.2281802791086532
0.22816692893071636
0.22815362200855405
0.22812753560713392
0.22811429548864898
0.22810110774649878
0.22808794172668273
0.2280621108439643
0.22803636830496288
0.22801073338056282
0.22798520033618855
0.22797228351866605
0.22795940967937614
0.2279341006465067
0.22792129864289237
0.22790854208292574
0.22788343870540087
0.22787075014365937
0.2278457870373089
0.22782092344655624
0.22779615100462172
0.22777148338886766
0.22774691362538882
0.2277224376990705
0.22771009687278945
0.22769777938541758
0.2276735181484817
0.2276612823626419
0.2276371534257241
0.2276131072288482
0.22758915558045886
0.2275770924360051
0.22756506970963353
0.22755306692372101
0.22754109480385962
0.2275174375637412
0.227493846588256
0.2274703464359174
0.22744693596484733
0.22742361564509694
0.22741189021978242
0.22738871935514127
0.2273656209716092
0.22734260404626166
0.22731967187626703
0.22730815283817066
0.22728536712843947
0.22726264068939198
0.2272400136372656
0.22721745268815557
0.22719498510317462
0.22717259443339807
0.22715028428687561
0.22713909423533016
0.22712794044146736
0.22710580043286602
0.227094702122033
0.22707269126057428
0.2270507367277486
0.2270288709926264
0.2270070698572377
0.22699614962727288
0.22697448920713295
0.226952885040784
0.2269420650806576
0.2269312885640944
0.22692051879773376
0.22690976825119544
0.22689903445034634
0.22688833126265498
0.2268776406140748
0.22686696992876124
0.22684575188419626
0.22682460165978374
0.22680351404567278
0.22679296448281638
0.2267720007548997
0.2267615136804261
0.2267406723608645
0.22671987159764506
0.2266991469914842
0.2266887849909515
0.22666817821127433
0.2266578711195411
0.2266373720908325
0.22662712345581063
0.22660671720781372
0.22659651749747917
0.22658633099517794
0.22657618249520842
0.22656604912110118
0.22654585372271246
0.22652570890877063
0.22651564825311585
0.22649560364478613
0.22647563105184537
0.22645571169623518
0.2264457673971871
0.22643584347457207
0.2264259388322391
0.22640619967316183
0.22639634116361676
0.22637670046297026
0.2263668927508928
0.22634733576693314
0.22632783715863608
0.22630838950139223
0.2262986904718491
0.22627936446411032
0.2262600800606992
0.22625045779587066
0.22623126815068578
0.22621213557463749
0.226202588256745
0.2261930690175558
0.22618355750235117
0.22616457355724745
0.22614564912790233
0.22613621106628237
0.22611738737390719
0.22610799005828036
0.22609861784517607
0.22608925985415884
0.22607058737899466
0.22606126273914215
0.2260426648081958
0.22603338931364594
0.22601487664107128
0.22600564071975823
0.22598721496403823
0.22597802254812357
0.22596885423858531
0.2259596964075614
0.22595055254523153
0.22594142682042612
0.2259231957115237
0.225905007109535
0.22589593715793194
0.22587784868368482
0.2258597922726735
0.2258507934294237
0.22584180880714827
0.22582386547083502
0.22581491721598682
0.22580599761659706
0.22579708357579498
0.22577927417636126
0.22576150914660684
0.2257526543930829
0.22573497894953085
0.22571734894351378
0.22570856292018035
0.225691030768606
0.22567352781504288
0.22565607022532938
0.22563866731279264
0.22562131292993237
0.22561266405832486
0.22560403362808004
0.2255868042573695
0.2255695969618979
0.22556101987124447
0.2255524644918581
0.22553535242358702
0.22552682369999927
0.22550980366122872
0.22550130889881348
0.22548435989328014
0.22547590643228
0.22545901543134203
0.22545059684641464
0.22544219252249814
0.2254338023136947
0.22541703339930735
0.22540867038340506
0.22539199026863274
0.22537532780622663
0.2253587127932311
0.2253504286537843
0.22534217358754108
0.22533391704949712
0.22532567084328275
0.22531744008557186
0.22530099066820525
0.22528458931880688
0.2252682253760878
0.22526006827054848
0.2252437823629689
0.22523565447506189
0.22522754565814776
0.22521135978595114
0.22519519193961937
0.22518713030283363
0.2251710400010116
0.22515497942987392
0.22513896803253597
0.2251229953968541
0.22511502619996931
0.22510707096279775
0.22509913111897023
0.2250912026769512
0.2250832771100909
0.22507536878337653
0.22506746690783372
0.22505957916418717
0.2250438492784575
0.22502812286659607
0.2250202727388108
0.22501244866973838
0.2250046156578882
0.2249968103476093
0.22498901479947359
0.22497344771953112
0.22495791183383662
0.22495015475542698
0.22494241994548095
0.22493468150563717
0.22492696685479838
0.22491924585539297
0.22490385338017116
0.22489616091213246
0.2248808315965482
0.22486553097414116
0.22485788869155124
0.22485026857097326
0.22483506465000505
0.224827466200215
0.2248198734415383
0.22480474311131568
0.22479717757959528
0.22478962296068217
0.22477457287713415
0.22476704592799157
0.22475953091444817
0.2247445236634336
0.2247295768030531
0.22471466542532587
0.22470721233087887
0.22469235863614034
0.22467753943130853
0.22466274204124154
0.22465534445416238
0.22464062681685346
0.22463326207648482
0.22462590695461856
0.22461124976749675
0.22459663186739606
0.22458931671782448
0.22457477015125435
0.22456023897244315
0.22454573410686426
0.22453126889183625
0.22452403102719926
0.22451680476245833
0.22450958972397206
0.22449522146673836
0.22448802344020768
0.22447370880726095
0.22445941249329912
0.22444516195144298
0.22443802308202915
0.22442384421894399
0.2244167326141599
0.2244025827857673
0.22438846525661912
0.22437437235933264
0.22436731608020544
0.22436027095447494
0.22435323227466913
0.22433923243805018
0.22432526952536172
0.2243182648332044
0.2243043424142275
0.22429736176473208
0.22429039206683454
0.22428343257165556
0.22427647918871438
0.22426264452490094
0.22424885636747738
0.22423509611283435
0.2242213694610231
0.22421448544323794
0.2242008170290537
0.2241871660317414
0.22418031826626988
0.2241667201956082
0.2241531537988218
0.22414634137105388
0.22413282571446264
0.22412602629733178
0.22411924688670706
0.2241124806503935
0.22410570677646696
0.22409895687805936
0.22408553336488568
0.2240787892125526
0.22407206185293385
0.22405871067419367
0.22404538100533175
0.22403868246241157
0.22403199685054742
0.2240253160885695
0.22401864160906787
0.22400541630406337
0.22399876252345668
0.22399211706032005
0.22398547709464503
0.2239788394175597
0.2239722211800477
0.22396560466414264
0.22395898740006623
0.22395238357764696
0.22393930843106016
0.22393272324511745
0.2239261525295457
0.22391957560124134
0.2239065720815843
0.22390002033182815
0.2238934697740213
0.2238805139191479
0.22387398855503207
0.2238610868039737
0.2238481948544032
0.22383533647042644
0.22382886023557502
0.22381604536462923
0.22380958668777795
0.22380312852617734
0.22379037387465145
0.22377763900619976
0.22377121622228588
0.22376479552834372
0.2237584038796363
0.22374575290744061
0.22373311098619275
0.2237267346872384
0.22371413227957593
0.22370777114919835
0.22370143188997427
0.2236950859946456
0.22368254424926684
0.2236700431862407
0.22366373096905445
0.22365742878957745
0.2236449763599027
0.22363254915212186
0.22362014846148262
0.22361388527313542
0.22360153313540537
0.2235892040645033
0.2235768895791651
0.22357066296736436
0.22355838780147527
0.22355218091316267
0.22353995844415198
0.22353377336756539
0.22352759325718147
0.223521417687866
0.22350925369130162
0.2235030949881651
0.2234969411697715
0.22348482627277824
0.22347869048835445
0.223466630839882
0.22346051647366327
0.22344847988035438
0.22344238468425381
0.2234362887566889
0.22342430186738524
0.22341822724725374
0.22341215161357258
0.2234002214277686
0.22338829368286645
0.22337640223169578
0.2233645337292206
0.2233526802645608
0.22334666567926456
0.22334066598305644
0.2233346735097346
0.22332869071874664
0.22331692960807742
0.22330517595452332
0.22329344768829604
0.22328174413383403
0.2232700598155418
0.22326412663760548
0.223252488310391
0.22324657521287225
0.22324066803277057
0.22322907211241239
0.2232231802577917
0.22321728521901343
0.22321139736411255
0.22319985296164194
0.22318833172718444
0.22318247447274903
0.22317662426175378
0.22316514444712618
0.2231536924741958
0.2231422635176837
0.2231364509264048
0.22312506300096968
0.22311927118859387
0.22310792937704416
0.22310213955593916
0.2230963588073499
0.2230850458612369
0.22307927520164406
0.22306798309572512
0.22305672153642772
0.22304547635592026
0.22303425423690817
0.22302304672235138
0.22301187179933213
0.22300070916618547
0.22299501493346147
0.2229893265239679
0.22298365032540243
0.22297797816414774
0.22297229879622468
0.22296122141205366
0.2229501555807557
0.22294450844362687
0.22293347756660484
0.22292246661641726
0.2229114837325116
0.22290051104631703
0.2228949040232803
0.2228892989839452
0.2228783678470357
0.22287277861177748
0.22286721319711197
0.22286163135764775
0.22285074943826091
0.22283989542186228
0.22283434308889138
0.2228235168965227
0.22281271146414933
0.22280718122251178
0.22280165954205394
0.2227909001723952
0.22278538830579825
0.22277466261228682
0.22276394876286515
0.2227532527009281
0.2227477715711537
0.22273710423938078
0.22273163823444506
0.2227210162506222
0.2227103917582373
0.22269978738801635
0.2226892131312843
0.22267865169804124
0.22266810965680608
0.2226575938307792
0.22265218983471616
0.22264679803218626
0.22263632940111133
0.22262586018760647
0.22261541317333783
0.22260498626339828
0.22259962592626825
0.22258922023291317
0.2225788435928819
0.22256848034686852
0.22256314817149606
0.22255782016584433
0.22254748236892433
0.2225371741760982
0.22253187365991492
0.22252160710048077
0.22251631150196635
0.22250604050060838
0.2224958188900864
0.22249054182752276
0.22248034474572662
0.22247508639874888
0.22246981949406885
0.22245965903100232
0.22244950036007496
0.2224442647289759
0.2224390357737332
0.22242892659980604
0.22241882610687333
0.22240874462573318
0.22239867886558934
0.22238862721215105
0.2223834365866807
0.22237824937767503
0.22237308033222433
0.2223630806636745
0.2223530921477086
0.22234793075786047
0.22233796229624941
0.22233280575640588
0.22232288202320752
0.22231773963202084
0.22231261105372366
0.2223074751144734
0.22229758875293082
0.2222924692677895
0.22228260970204047
0.22227750646612926
0.2222724071180149
0.22226730276829137
0.22226221078727942
0.2222571193316887
0.22224731230746986
0.22223752763974855
0.2222324539697705
0.22222270053164572
0.22221764249952594
0.22220791491193206
0.22219818339777364
0.22218847841834843
0.22217878160957522
0.222173755200874
0.22216409600340184
0.22215443876514698
0.22214480569828512
0.22213518094689233
0.22213018763926032
0.22212519161663466
0.22211560135033534
0.22210602819840555
0.22210104734903982
0.22209607953833702
0.22209111018379307
0.22208157768463682
0.22207662187385735
0.2220716688354624
0.2220667171164543
0.22205722162672795
0.22205228485207257
0.222042826081766
0.2220333716405814
0.22202393305224752
0.22201901642957952
0.22201410023647275
0.22200469918261412
0.2219997964613269
0.22199489580875453
0.22198551719223666
0.22198062551292577
0.2219757433914694
0.22197086419282736
0.22196599021920474
0.2219566616481281
0.22194735169986182
0.2219424954391211
0.22193763893638382
0.2219283483536395
0.22192349405956804
0.22191423660226978
0.22190940050143698
0.2219045684628662
0.22189533843771364
0.22188611908417735
0.22188129717235003
0.2218721005507461
0.22186728797886163
0.22186248759633181
0.22185332364890964
0.22184853465625043
0.22183937584337482
0.22183024019160225
0.22182546007702
0.22181635370898065
0.22181158660934108
0.22180251489874833
0.22179775639117127
0.22179300019431267
0.22178824843240535
0.2217835018679384
0.2217787586336369
0.22176970868279186
0.22176068945498098
0.22175595917236685
0.22174696576056036
0.2217379736919308
0.22172899856183179
0.22172004436685894
0.22171534528818013
0.22171065676998322
0.2217017316050639
0.22169703823816128
0.22168812425277817
0.22168344253094166
0.22167876365354341
0.2216698959900895
0.2216652303519092
0.22166056923948757
0.22165589851952108
0.22164704673393756
0.22163820858768912
0.22163355769104337
0.2216289177587399
0.22162010755953504
0.2216154716246027
0.22161083641907373
0.22160206414099692
0.22159744034081888
0.2215886805474307
0.22157993039455012
0.2215711986212711
0.22156247995652067
0.22155377803898227
0.22154919416144941
0.22154460915380011
0.22154001842251492
0.2215313529222276
0.22152269023398102
0.22151404532004965
0.22150540564113017
0.22150085134725106
0.22149224248119612
0.2214836430451593
0.22147910367535756
0.2214745576884859
0.22147002606157903
0.22146548711936676
0.22146096335046828
0.22145241517788253
0.22144387452812433
0.22143935744184268
0.22143484895108345
0.22142634485821525
0.22142184073406257
0.22141734656841847
0.22140887740624018
0.22140039398041358
0.22139590729464756
0.22138745972354165
0.22137901102209787
0.2213745382128368
0.22137005702260174
0.22136559422817384
0.2213571811431507
0.2213527192647498
0.2213482779354598
0.2213438152144021
0.2213354240931416
0.22132705145411294
0.22132260508044377
0.22131817674438714
0.22131374184253555
0.2213053910880744
0.22130096425810128
0.2212965479301738
0.2212882343905026
0.22128381528185198
0.2212794130017304
0.22127111270287933
0.2212667057941103
0.22126230511487743
0.22125402943035444
0.22124962958076508
0.22124524152003577
0.22124085114438866
0.22123647415087236
0.22122825112881622
0.22122003054665038
0.221211818103637
0.22120361779067313
0.22119925380733713
0.22119107270279992
0.2211829005776666
0.22117474647261373
0.22117040610005373
0.2211660596506664
0.2211617235843559
0.2211573821333582
0.22115304566468316
0.22114492945962058
0.2211368238579322
0.22113250046037533
0.22112441712534947
