3.509190079486825
1.5280273247594787
0.9348928763570665
0.6258482897387514
0.5090896783689204
0.44467704483617443
0.35439538283115923
0.2906720651138551
0.2524946881084228
0.22203019705350588
0.19181273205201027
0.1719002271204211
0.1555915955573856
0.14267657540098388
0.13189257584359595
0.11929111998075058
0.11076234069577721
0.10228692624908989
0.09634612875447679
0.08943866068343324
0.08381326748847295
0.07893009617883902
0.07376214594479613
0.0689463267470998
0.06444792737812065
0.06032978382151273
0.056431051959119204
0.052893318626446036
0.04974875914037993
0.04654551558788345
0.04326434773556613
0.040306532113300826
0.0378284615285781
0.03509262817147974
0.03268713853667945
0.030263412280235574
