0.6931471805599227
0.6821147769950816
0.4816990577374347
0.3891155699264739
0.3443443598620312
0.3030944003638276
0.28201491880337065
0.2676073467749178
0.2596502349520705
0.2543351098825776
0.25039056033781465
0.24726591406707552
0.24351437664201384
0.24062351067095508
0.23721735014051154
0.2346118093698978
0.23151330986613858
0.22909136830700666
0.22772749170725282
0.22688262526334185
0.22436017799662605
0.22387590634456606
0.22078515637746332
0.2196436639656466
0.21929214382287243
0.21586561786065117
0.21559035567365054
0.2128535424931139
0.2126260227390813
0.20932387791145093
0.20911187752766294
0.20793246994220008
0.20775991057303858
0.20617900975464265
0.20601388604525792
0.20465296702389074
0.204485257736485
0.20393246028933426
0.2038116416588905
0.2021085171544732
0.20196397036137495
0.1699505695307232
0.161467009122137
0.156691970990875
0.1557722712295011
0.15571931611717735
0.15571877617516788