3.509190079486825
3.4374200339572583
3.369679109608608
3.3057114156307987
3.2452751560406985
2.3071123577932924
1.5391076032494584
1.056542287930448
0.6169555551382413
0.5567942061422254
0.47767644386110336
0.6404904330607561
0.5271664371389887
0.38201455479256025
0.36031321187493565
0.3302040122206408
0.3192137086050681
0.28519653163269487
0.2717859261295805
0.2602151293815702
0.2528460761200776
0.23931790328325814
0.22218466244986612
0.2813819814199447
0.1989073175995362
0.19361812003532256
0.2220846456982344
0.1890666861108689
0.18744925713977356
0.17902868186596016
0.17348896426250127
0.17120409693035255
0.1617734192863381
0.1570572283000319
0.15392206362998628
0.14696025065719412
0.14454110129962833
0.1490533293165212
0.17239092786555182
0.1817365087372464
0.1240154699418603
0.14821100981868274
0.12274547380335206
0.1224214804930794
0.11181816718463769
0.10783562599405427
0.10477188325883542
0.10179272203433722
0.09970635745657763
0.09833783985846067
0.09720695969046493
0.11650613644894722
0.09141599485914
0.09012741563131695
0.08895871421785113
0.08682248630565836
0.0849532792730141
0.0838474034838406
0.0831059474975927
0.0823421862334117
0.07978243029777801
0.07761095401756486
0.07493414126489754
0.07295429870370458
0.07184883351713615
0.07130153761672206
0.07058666227029647
0.06836344689191062
0.06696132703402617
0.0708295728343093
0.06521994289424343
0.0645342717353921
0.06418162488614777
0.06195675375165117
0.06674362647000788
0.05987796338038258
0.059535114618086006
0.05920727548017956
0.058384560339751174
0.056778743875923715
0.05508491797305511
0.054776010088690215
0.05393078471878236
0.05380175488273695
0.05327223772666015
0.052554944077830006
0.052769952110303005
0.05037081496300014
0.05007692108791868
0.05028426992235377
0.0490820423716099
0.04888622071866648
0.047868502133554085
0.047410581063158826
0.046498665300053164
0.0445614788199363
0.05030340170954728
0.044031225622530486
0.043923700862687216
0.04378222315834585
0.04323507058149577
0.04164830008439558
0.04061430910490751
0.039597715178406406
0.0380993116046754
0.03779947396585787
0.03757708214953509
0.037134723575233175
0.04180365595337546
0.035498591214679485
0.035224120037831395
0.03468118640748941
0.033664287844019467
0.03370530117538143
0.03357981629081499
0.033143559399337455
0.03291379598473888
0.03168598522367686
0.031701842679417676
0.03180368688770545
0.03302654298130633
0.03127391731351162
0.031017955430436676
0.030598366938199017
0.030430583365560683
0.02967666080656354
0.029145475238429162
0.02886992025679394
0.02883922068577266
0.028824172791613815
0.030938473169774963
0.029670790790451
0.02845874792389737
0.02843614747814002
0.0301276285209104
0.028128604304119894
0.027986455972143234
0.027647433569567975
0.027516915916214142
0.027279512835392393
0.027016091353416836
0.026953208936033278
0.026612619845192597
0.026578294536629805
0.02684245493117728
0.026423750539679696
0.02635301058373057
0.026199210621774018
0.026107338507707925
0.025977482936978297
0.0257893850574611
0.02566931616852105
0.025451566747926237
0.025802964243844696
0.025272322928935713
0.02525561826053558
0.025214721911296218
0.02518033197259531
0.02693129072192184
0.02499103506014351
0.02495194335510712
0.025399437783062275
0.024946332810320316
0.02489407268838108
0.024639744738869613
0.024570166738618185
0.02446477246209183
0.02432293534597086
0.02426809603565807
0.02394489164330351
0.023844643442397173
0.039079929273935846
0.023643263647424393
0.02360036981269041
0.023511039972614833
0.02326863349425104
0.023232366005644586
0.023191216642645767
0.023072956930761963
0.02301021076292318
0.022935303305042457
0.02281648457406885
0.02235391108109494
0.022126717888927346
0.02182667054121956
0.021432754317941304
0.021876644410469083
0.0212805969276548
0.02117719013625903
0.02060168335905658
0.020334017875706045
0.019782509889791442
0.019577590605986697
0.01968294697487262
0.019752832023776402
0.019680162131052188
0.019431567481131652
0.01927422242141449
0.01826706346106895
0.018537265144992293
0.018158722821089338
0.01811470113691948
0.01777985380496015
0.018076016511037303
0.018005815880865573
0.017880655220981603
0.01753173285347624
0.017325574934043173
0.01718576679377029
0.017058870484400256
0.016982890283915458
0.016637447848431117
0.01667754076879261
0.016740046797452713
0.016649003424987627
0.016586424110529793
0.016528469802678896
0.016154036610735504
0.01624057204234784
0.016217154563225537
0.01611218223593258
0.016026755979215428
0.01593464823168583
0.01571803274470837
0.015468956914317614
0.01529969753902552
0.015113284840973414
0.014408341263190037
0.014708772922754097
0.014758069311207373
0.01477397789101114
0.014747949549207436
0.014638093552268272
0.01446183132096244
0.014171420563920956
0.014182861697100407
0.014142049251191332
0.014119435555250574
0.013869801921094186
0.01379889662965626
0.013672414693505611
0.013613021919365632
0.013603977777303893
0.013623534011946594
0.01360365892452058
0.013506836736736926
0.013462251860047117
0.013372118325795964
0.013277486346533286
0.013264202197731868
0.01326300237152479
0.013241072755585075
0.013042115815001615
0.013111151372378175
0.013110670874625615
0.013096860359083062
0.01309043625824384
0.01308681042319827
0.01305376963300479
0.013046075750074522
0.013005680879833729
0.012980452907013322
0.012956821413069535
0.012936878380859312
0.012939813675120329
0.012938401853118146
0.012926621083901446
0.012908562785736022
0.012852831699515836
0.015517041367211356
0.012829069572132125
0.012816215748672906
0.012781976316850093
0.012709798491090852
0.012732544765068788
0.012724082512864391
0.012718281647575798
0.012702277739219841
0.012696791332396333
0.012693043269625098
0.012675205577171493
0.01265475860350046
0.012637701075179246
0.012635833114358296
0.012637271330197358
0.012638198715416627
0.012642760622279075
0.012619344558953196
0.012624910349260228
0.01262242867667219
0.01261917427822484
0.012616430943521776
0.012602767837752432
0.012593962424723236
0.012591413730585668
0.012582801193235732
0.012579587958331633
0.01257898797516547
0.012573077119890837
0.012569307307033513
0.01255007392266806
0.012586432752059031
0.012564056199031448
0.012553686699528943
0.012547457031367875
0.01254725857619408
0.012544733574093376
0.012542650814367208
0.012537537389451668
0.012546725144311701
0.012542175673856248
0.012540049939214325
0.01254146667201049
0.012541722223585423
0.012544053938174364
0.012553766744998869
0.01263899591488007
0.012555379836240848
0.012554802081002127
0.012555307265921722
0.012559479824467791
0.012564811489765555
0.012581474403502513
0.012586213609084011
0.012585826376423975
0.012586112011165627
0.012587021470841559
0.01259151020382667
0.01259815854600843
0.012820196434280881
0.012613290155141833
0.012609061391665602
0.01261033908459112
0.012610265368581432
0.012609309792029599
0.01260968734942015
0.012616653199758979
0.012622514352803232
0.012629881439553032
0.012642256303116259
0.01263101701003328
0.012630562071458795
0.012630763245181238
0.012631857061479321
0.012639849004206925
0.012650186808304147
0.012651762514506608
0.012648874286543071
0.012649558833052752
0.01265088486955284
0.012653298575880595
0.012659305176555898
0.012673623492872592
0.012705794572765265
0.012686143144748975
0.01268347475578617
0.012689089693700044
0.012702983159694285
0.012726275445881863
0.012756129608249631
0.01275727111101969
0.012748808328933086
0.01275005120301979
0.012770334650760246
0.012783568439193168
0.012805248620237472
0.012817727623954323
0.012801981316634993
0.01280034516830647
0.012791086074911218
0.01279574152016798
0.012798424282201735
0.01279718559243462
0.012799916038693272
0.012798747296353923
0.012793985502737177
0.012796817827590463
0.012797307907001877
0.012799652436036566
0.012800984267654653
0.012802427309304799
0.012805885720532185
0.012806104841301666
0.0128064619546135
0.012806964926555595
0.012808245990623572
0.012836761009932177
0.01281848639287795
0.01281717362832678
0.012819147867187974
0.012822295813152643
0.012824950462413467
0.012830481424735923
0.012833672833152548
0.01284346013692475
0.012839475162070993
0.012861135312650854
0.012840995135091984
0.012842301662654569
0.012862827013453313
0.01285953009208357
0.012856968804336148
0.012858499526558737
0.012870024695983204
0.012878777365568986
0.012982603092450579
0.012897190512411222
0.012893870120110807
0.012893363040361374
0.012894866313392865
0.012896697038769589
0.012902039535297153
0.012909799516004745
0.012916757180984739
0.012915313718978182
0.01291169186700083
0.012914073759281176
0.012916206876246722
0.012920080324160853
0.012926703937037577
0.012939456956546228
0.012957515815106279
0.012952093510813206
0.012950923375504462
0.012952147187661743
0.012956713457824792
0.01300298696320449
0.012973175604260402
0.012973521219394766
0.012986082581898631
0.01297726386570391
0.012977410646622351
0.012980111279229352
0.012982084911299034
0.012984085218049946
0.012995756212505932
0.012999612833989661
0.01300526424332829
0.013012706963649312
0.01301948392590809
0.013021137485440228
0.013021858164517053
0.013025522675382826
0.013036686559976722
0.01301912278113433
0.013018685561028006
0.013023451486147617
0.013023849802829708
0.013025803872273055
0.013026342185696769
0.013027072822247594
0.013054215183669315
0.013042451304962581
0.013037013041996856
0.013039641566915465
0.013073640032548085
0.013054057071139963
0.013056286380238358
0.013055988785916857
0.013057978991304554
0.013058488881841546
0.013059798200188268
0.013062221594519374
0.013065465591784212
0.013068963037797381
0.013069356392329683
0.013070895912638013
0.01306857029345962
0.013067984499707957
0.013064708554757833
0.01306563800898919
0.013078257339780465
0.013070001445492866
0.013069454046534689
0.013070651616675436
0.013069179714284559
0.013069216360798159
0.013069286647867896
0.013069089419540214
0.013068801080978616
0.01306808815246983
0.013067978312185431
0.013067820089063893
0.013066874482357722
0.01306743637566354
0.01306746188392078
0.013067288704269377
0.01306717928742609
0.013066626113235788
0.013066271219766192
0.013065416677469067
0.013065544123142573
0.013065530378311764
0.013065442946268175
0.013065351675280855
0.013065049769526268
0.013064573951952084
0.013063962951000587
0.013064095326990483
0.013064161612931776
0.013064100730419699
0.01306336102648239
0.013063321327924279
0.013062664741234709
0.013063080361707724
0.013062864173625788
0.013062857283881065
0.01306275980845069
0.013062292489253634
0.01306233303173313
0.013062108591613626
0.013061624797317635
0.01306124947390434
0.013060826897613832
0.013060734275885217
0.01305991479331136
0.013059991068012776
0.013060009831724834
0.013059731935704992
0.013058235240576649
0.013058778968055398
0.013058735600338607
0.013058226341603318
0.013058043038078374
0.013056891963924629
0.013057262003442986
0.013057440627130271
0.013057354528962522
0.013054567470606534
0.013055403157329518
0.013055767673869935
0.013055407383621173
0.013055046888832486
0.013053919841582827
0.0130531524907554
0.013053331618684366
0.013053242993884351
0.013052941317928151
0.013052520711765284
0.01305131156100484
0.013049599087302338
0.013048172279159593
0.01304909580281701
0.01304940254578166
0.013049245160073917
0.013048683244862833
0.013049128295069146
0.013048698573259881
0.013048651708786512
0.013048333423593891
0.01304828045331816
0.013047937066500651
0.013047522315866533
0.013046864959617169
0.013045903965929032
0.013045331204632693
0.01304441441673347
0.01304323268889723
0.013043207697292513
0.013042925574285857
0.013033891025171449
0.013040997782659363
0.013040588758762725
0.01303949020843547
0.013039323856683665
0.013038597253268744
0.013038160294707174
0.013037276105788637
0.013036673234100992
0.013034148474875426
0.013034289131511655
0.013034279843907157
0.01303379411033865
0.013032231788769994
0.013030291919667961
0.01303022790713983
0.013029714613589965
0.013030289792221542
0.013031036039604328
0.013030688929606354
0.013030635103793762
0.013029812709343433
0.013030176219782629
0.01303023908866631
0.013029833667431805
0.013029548158276286
0.013028544655278773
0.013027096900033154
0.013028266799208356
0.013028181775235254
0.013027898723654016
0.013027762264239526
0.013027030917180393
0.013027014034184823
0.013026925406945795
0.013026837190234895
0.013025882561482849
0.013026389674939721
0.013026306568143199
0.01302563517006878
0.013025702944288634
0.013025549170748102
0.013025369113745668
0.013025018140489831
0.013023615172873128
0.013022684965721551
0.013023329124786239
0.013023334325785563
0.013023148345435045
0.013022114578600114
0.01302270203123676
0.01302268333057308
0.013019940265501908
0.013021935917299318
0.013021561243388997
0.013021381934321319
0.013017755946278332
0.013020648801374931
0.013020505954772225
0.013020077152934182
0.013019935497017233
0.013019545124909193
0.013018258674216606
0.013018628705202203
0.013018807353628656
0.013018439907955396
0.013018493919526164
0.013017499593961488
0.013017499593962752
0.01301744079583986
0.013017440812396556
0.013017440812411001
0.013017440812414974
0.013017440832215083
0.013017440819960967
0.013017440819962953
0.013021577802601245
0.012964615567751752
0.013015219656304667
0.013056485911823004
0.013015532981076368
0.013019692010193906
0.01301630616188031
0.013016770546235734
0.013017042881380465
0.013017042881380284
0.01301704288154947
0.013017042880787864
0.013017042879649249
0.013017042879577927
0.013017077535171777
0.013007234570655099
0.013016007816296858
0.013020582782738642
0.013015981168048637
0.013015969444108674
0.013015936316970135
0.013015665365861916
0.013015665365861736
0.013015665365863903
0.013015665365855779
0.01301566509216434
0.013015665088967331
0.01301566508896697
0.013015665072101695
0.013015664977355337
0.013015664910241271
0.013015664852383653
0.013015664852384014
0.01301566527216516
0.013015665150559127
0.013015665150558586
0.01301566515202257
0.013015663960122544
0.013015663959634851
0.013015663943939066
0.013015662559394094
0.013015662559395177
0.013015662559748896
0.013015662559609141
0.01301566199971431
0.01301566199971485
0.013015738220335978
0.012996336527837531
0.013013865952903998
0.0130143307705299
0.013014120131406607
0.0130141201314048
0.013014120137161437
0.013014120042972109
0.013014120036442131
0.013014120036439784
0.013014184776357747
0.013014184277776104
0.013014184277602224
0.013014179027078882
0.01301417900632812
0.013014178824102792
0.013014178812661741
0.013014178743497772
0.013014178743497952
0.01301418232794945
0.01301418232794313
0.013014182413537407
0.013014182412813177
0.01301418214313452
0.013014182139607268
0.01301418213960492
0.0130141821447054
0.01301418214467687
0.013014188220219599
0.01301418816210739
0.013014188162080307
0.013014203696951087
0.013014203666227594
0.01301420366595242
0.013014248236986815
0.012994601848669525
0.013012084910278946
0.013009494599904189
0.013011328910804039
0.013011328911146562
0.013011328941454405
0.013011328941448626
0.013011328963527954
0.013011327934517546
0.013011327934516644
0.013011327936648163
0.013011327960500417
0.013011327960469903
0.013011635774982362
0.012996021015385252
0.013011530098313016
0.013008275065991665
0.013011035307722572
0.013011035307722752
0.013011035376647299
0.01301103526313725
0.013011035261082469
0.013011035261027037
0.013011035260811267
0.013011035260823183
0.013011035211587882
0.013011035409618413
0.013011035409377364
0.013011035409377725
0.013011035409503756
0.013011035885248257
0.01301103588523291
0.013011079956340847
0.012991173095218774
0.013011116070223743
0.013011065415937939
0.013011065415938662
0.013011065427077273
0.013011065427076371
0.01301106542711483
0.013011065428378755
0.01301106542838995
0.013011065428759017
0.013011065428183389
0.013011065428183569
0.01301106548641206
0.013011065484384543
0.013011065484385265
0.013011065505255378
0.013011061904704543
0.013011061905002288
0.01301106190648108
0.013011061906483067
0.013011115876876958
