0.6931471805599227
0.38860526649941074
0.2974293649836587
0.24992340934513063
0.23197541849744815
0.22207398730057487
0.20819600070610378
0.1984005302927784
0.19253195062192535
0.18784898634016417
0.1832039946010183
0.18014306871235242
0.17763612582739088
0.17565084473467119
0.17399314152043596
0.17205606114717398
0.17074502763321975
0.16944219729689763
0.1685289851765212
0.16746717763817134
0.16660244908073793
0.1658518139631673
0.16505740297785607
0.1643171211445053
0.16362563269875868
0.16299259671112326
0.162393288420601
0.16184947238226838
0.16136609454646028
0.16087369586777953
0.160369318761096
0.1599146469634896
0.15953372098593033
0.15911317203045797
0.15874340310769441
0.15837083087377024
