1.057936191558838
0.26350940689341096
0.17277958872031954
0.06003460221438644
0.0263794145849925
0.03641541881880311
0.01811162901172446
0.013198360604080514
0.011210272664282159
0.01445459078180041
0.006271644126368022
0.005850243941533864
0.0049524271661987255
0.00526053466673906
0.009490099268972102
0.0033503167201788626
0.0031890636115556336
0.002062156402660938
0.0034355890217152964
0.0021385235605500858
0.0022236173682377504
0.0026232085755323706
0.0023598214720058
0.0021119683389798365
0.0017124152967755199
0.0016001374882611843
0.0012659911218045078
0.0013015129067865609
0.0015138398459908695
0.0018182594545677986
0.0018910715911733271
0.002032626035908964
0.007464507248369087
0.005636749314124736
0.001820162204337825
0.0009865798455963484
