0.5231552878577244
0.5121228842928832
0.3117071650352363
0.21912367722427548
0.1743524671598328
0.1331025076616292
0.11202302610117224
0.0976154540727194
0.0896583422498721
0.08434321718037921
0.08039866763561623
0.0772740213648771
0.07352248393981542
0.07063161796875667
0.06722545743831312
0.0646199166676994
0.06152141716394016
0.059099475604808244
0.0577355990050544
0.05689073256114344
0.05436828529442764
0.05388401364236764
0.050793263675264905
0.04965177126344819
0.049300251120674016
0.045873725158452755
0.04559846297145212
0.042861649790915474
0.04263413003688288
0.03933198520925252
0.03911998482546453
0.03794057724000166
0.037768017870840165
0.036187117052444234
0.0360219933430595
0.034661074321692326
0.03449336503428657
0.033940567587135845
0.0338197489566921
0.03211662445227478
0.031972077659176534
0.031528934502910444
0.031427167963011066
0.030485776332383974
0.03037973509091421
0.029807731449699698
0.02971193077813422
0.02916969984402834
0.029082687210966768
0.028331213818339862
0.028231485770898568
0.027914698710904268
0.027841390413586298
0.02716291540889304
0.02708143709528385
0.026795112429975954
0.02673125664179657
0.025831592974711742
0.02573958553348271
0.025570443697236878
0.025515954534119922
0.024703023700214377
0.024632293402625516
0.02440915225510501
0.02435583434836011
0.023875411217086112
0.023811542478622355
0.023605658961419057
0.02355669526023807
0.023112853575260245
0.02305383548888043
0.02286320463834171
0.022817666710697432
0.02240647040841587
0.022350818581336973
0.0221737858157961
0.022130939424418544
0.021749171297516495
0.02169567024293373
0.021582619934474356
0.021529919123803254
0.0207226758018694
0.02066180300335177
0.020592707847857966
0.02049226382131225
0.020445081076564425
0.019724776798931865
0.019669986019955926
0.01960785679376173
0.019517535119831175
0.01947507325067177
0.018823470274913684
0.01877609788955778
0.018719800544347964
0.01863776477948606
0.018599408069913476
0.017728286573789165
0.017666966983322735
0.01764305184483128
0.017289698302808104
0.017253367380837215
0.017206035107847018
0.017104502881798295
0.017080342641365764
0.01686029096446326
0.016829012513366964
0.01676297093688009
0.016731791643903676
0.01602426389371525
0.01597535265313152
0.01595572576315807
0.01566545546810197
0.015635176780676413
0.015595994415643522
0.015512058220584074
0.015491954892151827
0.015367532227227754
0.015346847663209484
0.015225734283561054
0.01520425890895627
0.015123606435778508
0.015105046135011319
0.01492948001191613
0.01490597372079841
0.014853366268814228
0.014828693804707777
0.014256165374776752
0.014223866432226812
0.014201029828013217
0.013425255243945833
0.013376214908417616
0.013361064327795796
0.013221198221428032
0.013201137082828912
0.013158835345636777
0.013138726043681742
0.012461740860149173
0.01241708300272576
0.012403565731262334
0.01231948195657484
0.012305377155382269
0.012223485848741084
0.012208469753542756
0.012153683087144651
0.012140731918751785
0.012059417627987984
0.012045891411741505
0.011966608423353287
0.01195225477995579
0.011899263845953079
0.011886792292276155
0.011771760809149712
0.01175501372158752
0.01172009472063204
0.011703418519112885
0.011138641152484335
0.011104711697601938
0.011093528766826122
0.010990399823560398
0.010975276408615453
0.010953800110923256
0.010907352725450514
0.010896696496370123
0.010795536304499254
0.010781564499559498
0.01075095368661666
0.010736463434359439
0.01023578010922449
0.01021110938535394
0.010201525797308708
0.010109554655310299
0.010097106690092728
0.01006929915329402
0.010056170608004289
0.009386993586756376
0.00935029723525413
0.009340762205249209
0.009303914476297998
0.009295411871490439
0.009215196970917883
0.009203860545490966
0.00917948786711928
0.009167871661660887
0.008579250052642984
0.00854625833427794
0.008537760025419366
0.008505078896410556
0.00849750762866297
0.008426465160023183
0.008416208789935847
0.008401377670774868
0.008369241573106284
0.008361948119978757
0.008291795494264148
0.008282255091311391
0.008260985118908326
0.008250909742360174
0.007731542646296552
0.0077074005656194156
0.007700224995900312
0.007657960183222762
0.0076501633077911135
0.007621822806164469
0.007614987506556897
0.007572893055265456
0.007565565444540734
0.0075374096179031125
0.007530855738148989
0.00746968898661407
0.0074607118870284594
0.007447886294123879
0.007420130455412621
0.007413808062436744
0.00735330076942034
0.0073448935042036145
0.007326489174876133
0.00731773552636128
0.006865118244442636
0.006845813837218301
0.006839623069918338
0.006802597059231752
0.006795862458356616
0.006771030946235407
0.006765089731455398
0.006728219322278961
0.006721831628671848
0.006697158099030293
0.00669142775736889
0.006637842652054304
0.0066299512454598974
0.006618692509251095
0.0065943315739401265
0.0065887891196252935
0.006535649457878739
0.006528280981501794
0.006512107404194806
0.006504406456447093
0.005918881885164706
0.005889062293620767
0.00588272659280073
0.005868142011025673
0.00586126063717099
0.005327195975443538
0.005305851158243946
0.005300484606578393
0.005287216418784185
0.0052781549576540465
0.0052587002986642095
0.005254165411628708
0.00522524635999605
0.005220396021467455
0.00520106168604334
0.0051966423829420405
0.00515452407109504
0.00514854273279064
0.005139724764271769
0.005111710365687305
0.005106605307721973
0.005087813454226875
0.005083283716391801
0.005055381926453745
0.005050470544841368
0.005031782293233283
0.005027375424100394
0.00499960252188783
0.004994862880300238
0.0049762824009539075
0.004971985516093375
0.00493160681566715
0.0049256756124879675
0.004917168949085421
0.004898761521037409
0.004894594570541311
0.004854446237512355
0.004848866571068783
0.004840485279086426
0.004813767098822641
0.004808987301607004
0.004791073116318573
0.004786810587494278
0.004760208382228126
0.004755595880059221
0.004737779924048557
0.004733620276561795
0.004707150072993882
0.004702683029117166
0.004684974452805052
0.004680910145539147
0.004642385732134574
0.004636820579612622
0.0046287243320620175
0.004603059822692018
0.004598346552471544
0.004586553183401981
0.004578504902129132
0.004561177085527335
0.004557187929836531
0.004519526105537047
0.004514023312278015
0.0045060918184954835
0.004480990012024677
0.004476344274493366
0.004464798243950019
0.004456914443672105
0.0044399514628746806
0.004436033076325813
0.004410822271628645
0.0044066283041186705
0.004389767140319356
0.004385933196241254
0.004349197253552484
0.004344008053807774
0.004336312989339841
0.0043118373740387295
0.004307418256814521
0.004290998320829076
0.004287061846419582
0.004262689701185568
0.004258409119789086
0.0042420758138314585
0.004238228369871394
0.004213966400543778
0.004209814243489124
0.004193570358569321
0.0041898059396842935
0.004165664331987257
0.00416162738426451
0.00414547852571695
0.0041417885869251825
0.004106636349602677
0.004101604740389925
0.004094221651802538
0.004070783948130263
0.004066515876091081
0.004050787209318896
0.004046991897016905
0.004023650088614883
0.004019512514691015
0.0040038626218319995
0.0040001517169649115
0.003976913975317464
0.0039728941721533795
0.003957327836377672
0.003953693904873351
0.003930564589560093
0.003926651497834194
0.003911172151901565
0.0039076099025075195
0.0038739775924447883
0.0038690461193836567
0.0038619503497313024
0.003839502956646118
0.003835352289456667
0.003825023581547571
0.0038179673729583086
0.0038027772496453116
0.003799286210273617
0.0037662751959641194
0.003761448341476653
0.00375448644233653
0.0037324516141066244
0.003728388328567561
0.0037182522665939743
0.0037113285259451623
0.003696418733511897
0.0036929978816597486
0.00366057687743937
0.003655862747722227
0.003649030260704067
0.003627389911800588
0.003623415311152789
0.0036134642157308328
0.0036066683632319796
0.0035920272781543028
0.003588677359129072
0.003556823141411619
0.003552219554342706
0.003545514335865363
0.0035242490029781803
0.0035203654613970847
0.0035105949617214582
0.0035039264176040252
0.003489541853746253
0.003486259060168806
0.0034549466507421966
0.0034504614974039394
0.003443878326350236
0.003422973863885903
0.003419182031592749
0.003405151695697828
0.003401769000539373
0.0033809543089896865
0.0033772577640248935
0.00336329723374304
0.0033599796739326726
0.00333925710037114
0.0033356460793625975
0.0033217596919516423
0.0033185004098927606
0.003297873767958398
0.0032943463334933754
0.003280532870129027
0.0032773265411739916
0.0032568017209034794
0.0032533525635511373
0.0032396142510583426
0.00323646219748297
0.0032066001361375773
0.0032022418073772707
0.0031959387000362605
0.0031759870918151856
0.0031723230943930536
0.003163146152364016
0.0031568778315945734
0.003143365532035508
0.003140281545804424
0.0031108738200965325
0.0031066483079679186
0.0031004570352371474
0.003080810257939187
0.0030772441477867063
0.0030682203196093216
0.0030620648551692164
0.003048769062195561
0.003045750218258425
0.0030167806475419057
0.0030126869234285147
0.003006603630851673
0.0029872539852389413
0.002983784247241522
0.002970803415456691
0.0029676934343561556
0.002948427714845131
0.0029450316187029646
0.002932114844761413
0.0029290565823668624
0.0029098772771995463
0.0029065534156075545
0.0028937038335497545
0.0028906917303324897
0.002871605182029252
0.0028683461230999963
0.002855560965201981
0.002852595580504519
0.002833600723552765
0.0028304023952798463
0.0028176875678690982
0.0028147660772936123
0.0027958648193632807
0.002792725108285765
0.0027800811134241488
0.0027771974717554493
0.002749670220734274
0.0027457217723392824
0.0027399275714357074
0.0027215267362628304
0.0027181971993992526
0.0027097491136935936
0.0027039847630623837
0.002691526185158971
0.002688708510414639
0.0026615443489486634
0.002657740902006267
0.00265204074410072
0.0026338900846708257
0.0026306602019399716
0.0026184851347710036
0.002615582405215394
0.0025975129727578428
0.002594344481469557
0.0025822309404110177
0.0025793678569286105
0.002561381221780956
0.0025582711765638755
0.002546218985814752
0.002543397158195737
0.0025254960546959304
0.0025224380910017496
0.0025104482625985525
0.0025076647629165005
0.0024898500456345674
0.0024868451401008906
0.0024749171509536594
0.002472170830718906
0.0024544443891974244
0.0024514861678149313
0.0024396221647951244
0.002436909599521253
0.002411113875809834
0.0024073676299017355
0.002401918786524654
0.0023846583920127395
0.0023815145966457896
0.00237358053397832
0.002368162478187108
0.002356461638898466
0.002353811828305935
0.0023283094757619305
0.0023247171841712655
0.002319361185347063
0.0023023074666339294
0.002299266362805613
0.0022878255777194767
0.002285092402417116
0.0022681166288991694
0.002265128207112138
0.002253743468634828
0.002251045586361994
0.0022341471410100844
0.0022312053775230267
0.0022198783630394403
0.0022172157230474776
0.0022003935891364568
0.002197500637032279
0.0021862309960543336
0.002183599462657393
0.002166860040929197
0.0021640106620363087
0.0021527974402329175
0.002150197404413634
0.00213354045054312
0.0021307280040214205
0.0021195762319959066
0.002117003457489247
0.0021004280009320198
0.0020976580517287624
0.0020865638362640992
0.0020840203870314544
0.002059908349108658
0.00205637587805918
0.0020512781494346766
0.0020351299285290003
0.0020321792068605515
0.002024752325191226
0.00201967739119166
0.0020087222641993474
0.002006241452319174
0.001982361590138676
0.001978996787595222
0.0019739794482651896
0.001958000908696522
0.001955157879429986
0.0019444367632326376
0.001941877199666403
0.0019259701463986145
0.0019231683602098926
0.0019125030485523942
0.0019099724175175303
0.001894138902719139
0.0018913783925067484
0.0018807612871616086
0.001878259450153491
0.0018625028614087658
0.001859775864530483
0.001849215267343468
0.0018467403203143717
0.0018310565724673766
0.00182836755693494
0.0018178608151978304
0.0018154094207354365
0.0017998025861298839
0.0017971458409415941
0.0017866922469409185
0.0017842674507514422
0.0017687356959982803
0.0017661103775590548
0.0017557098303225271
0.0017533101422451125
0.0017378538416839284
0.0017352623511884824
0.0017249135992255804
0.0017225384461539983
0.0017071560860411061
0.0017045942808694425
0.001694300661424314
0.0016919450979778206
0.001669569610675714
0.0016663010375736753
0.001661567530964081
0.001646573956489733
0.0016438436558156022
0.0016369480747027987
0.0016322389965266748
0.0016220595788482839
0.0016197655911289743
0.0015975654402027029
0.0015944670018454288
0.0015898099540943011
0.001574947626559381
0.0015723255839642236
0.0015623588076575656
0.0015599908299683274
0.0015451985306535465
0.0015426084223383318
0.001532689796467951
0.0015303462702882242
0.0015156229577717728
0.0015130601282924705
0.001503191589442593
0.0015008688634966794
0.0014862149886969434
0.0014836841442212312
0.0014738648270877508
0.0014715625798647491
0.0014569785599205243
0.0014544726532024488
0.001444702801768366
0.0014424206007147
0.0014279066984910216
0.0014254303802862522
0.001415707965836288
0.0014134417647918562
0.0013990002605188123
0.0013965478244568896
0.001386873966361446
0.0013846299463872724
0.0013702584287701713
0.0013678309838588698
0.0013582034171121804
0.0013559790226159718
0.0013416759472139606
0.0013392707075494947
0.0013296919346008906
0.001327488554781403
0.0013132548351008355
0.0013108704281466488
0.0013013447908948317
0.0012991527840861272
0.0012849917351435147
0.00128262995998904
0.0012731490074723573
0.0012709780145356842
0.001256884329299851
0.0012545449679631226
0.0012451101315505697
0.0012429546983053485
0.001222449795574898
0.0012194615344377768
0.0012151193052259146
0.0012013689907287017
0.0011988734651683652
0.0011925508929974404
0.0011882341493889559
0.0011745705351824676
0.0011720743700226188
0.0011657866033214226
0.0011614880062622568
0.0011522049088926178
0.0011501144419682474
0.0011298599086805028
0.0011270348227674643
0.0011227811810043398
0.0011092140271287132
0.0011068245453443593
0.0010977275931267905
0.0010955661825137741
0.00108206200902497
0.0010796955061588287
0.0010706449036149424
0.0010684966308714128
0.0010550580962857825
0.0010527114517732417
0.0010437036005915556
0.001041572311123562
0.0010281988189540792
0.0010258692973127426
0.001016906145793084
0.0010147918148511736
0.0010014800333726093
0.0009991703966436283
0.000990252160906896
0.000988150929562448
0.000974904717102737
0.0009726136886585857
0.0009637363063780269
0.0009616523726429516
0.0009484706277162192
0.0009461949718310159
0.0009373641038231961
0.0009352904552163699
0.0009221747009429127
0.0009199153926044701
0.0009111290611685807
0.0009090671650676951
0.0008960158397868512
0.0008937733648657631
0.0008850288028803277
0.0008829820849012848
0.0008699950580707827
0.0008677682680625909
0.0008590671608060263
0.0008570335606195023
0.0008441053203609439
0.0008418955148219998
0.000833235818899658
0.0008312143919566306
0.0008183512899725964
0.0008161570450263278
0.0008075409215298202
0.0008055330110524894
0.0007927296250776761
0.0007905474852983041
0.0007819764569459153
0.0007799802553535573
0.0007672387754946164
0.000765073651290471
0.0007565421322739962
0.0007545569837099642
0.0007418795844911785
0.0007397288170543914
0.0007312371871347478
0.0007292661336139872
0.0007166478031696843
0.0007145091248232094
0.0007060624800356852
0.0007041008243942326
0.0006915457191773999
0.0006894190816889856
0.0006810112932258416
0.0006790630258341201
0.0006665687790067265
0.0006644533757989568
0.0006560905534364614
0.000654148891070766
0.0006417168753463376
0.0006396136481050807
0.000631289448951855
0.0006293614035660644
0.0006169892207897876
0.0006148986473484552
0.0006066164062061008
0.0006046967221669808
0.0005923854274654528
0.0005903074952525178
0.0005820627292756619
0.00058015362402139
0.0005679036649838265
0.000565834931185144
0.0005576316492409139
0.0005557326272733476
0.0005435432733116863
0.0005414854700052929
0.0005333197962594793
0.0005314323770667928
0.0005192994306292276
0.0005172496624855638
0.0005091308703530639
0.0005072482742548845
0.0004951756637163185
0.0004931387777296348
0.000485057938742095
0.00048318576206679564
0.00047117345334549143
0.0004691444380615639
0.0004611000589100356
0.0004592383692775537
0.00044728411895411657
0.00044526569351024947
0.00043725906215175137
0.00043540554302196055
0.00042350944577623784
0.0004215015280727985
0.0004135342653318608
0.000411690005471671
0.0003998525328883784
0.0003978516091316664
0.0003899255484869357
0.0003880876675164402
0.0003763076413204336
0.0003743161798542838
0.0003664282112709749
0.00036459887885428865
0.00035287611245723993
0.00035089342159641546
0.0003430412134143579
0.0003412227151408931
0.00032955419934035945
0.0003275803356912188
0.0003197678953791583
0.0003179546214878426
0.00030634615816707567
0.00030437829380136616
0.00029660474283924043
0.0002947989015581465
0.00028324898670678555
0.00028128756526879517
0.00027355006552570726
0.00027174931212320397
0.00026025473688809364
0.0002583015504913633
0.00025060219683839535
0.0002488108442463832
0.00023737123254849446
0.00023542524313888147
0.00022776315608188935
0.00022597907467594713
0.00021459594442405083
0.00021265683793469936
0.00020503076027694744
0.00020325186696848463
0.00019192665021497413
0.0001899915467997726
0.00018240325629487186
0.00018063290323239167
0.0001693619586835282
0.00016743314792297403
0.00015988093595309394
0.0001581169380308889
0.0001469014857130302
0.00014497641407099082
0.00013746332782207937
0.000135702131488058
0.000124543366544827
0.00012262496341075568
0.0001151468306575254
0.00011339381995509323
0.00010228810754028816
0.00010037579817828712
9.293282625924548e-05
9.118535339697198e-05
8.013554020133706e-05
7.822619860137214e-05
7.08206728843308e-05
6.907939797731744e-05
5.808190973533023e-05
5.6178884055735345e-05
4.8809229033275336e-05
4.707023640973529e-05
3.613013923919883e-05
3.4229889813247594e-05
2.689632966096367e-05
2.516555349679761e-05
1.4278830062497416e-05
1.2380850885507222e-05
5.083960053831049e-06
3.3573528554209364e-06
-7.475288964886584e-06
-9.369173684881105e-06
-1.663157885409272e-05
-1.8352961026979475e-05
-2.9135839484939474e-05
-3.1023714899464094e-05
-3.824968752538793e-05
-3.996964498384492e-05
-5.069382351688412e-05
-5.257985052198322e-05
-5.9771519452939126e-05
-6.148387257962074e-05
-7.21579222397184e-05
-7.404359195614663e-05
-8.120100222253068e-05
-8.290884566511392e-05
-9.352748236565733e-05
-9.540700498708587e-05
-0.00010253140486382595
-0.00010423687452876251
-0.00011480158456009248
-0.0001166815085565931
-0.0001215304303032183
-0.0001248386209884711
-0.00013537021357812318
-0.00013723022016240427
-0.00014429596002299427
-0.0001459806533856134
-0.00015646116590473103
-0.00015831983413727713
-0.00016535061607603208
-0.00016703285665078949
-0.0001774592110279638
-0.00017931476183319361
-0.00018410235466506664
-0.00018736697458496265
-0.0001977675202082807
-0.0001996011450182411
-0.00020657347498334588
-0.0002082403769282648
-0.0002185866119944757
-0.00022041772968645068
-0.00022736093024530724
-0.0002290212076717646
-0.000239315272012125
-0.0002411464592221857
-0.0002458722249663037
-0.00024909628134181516
-0.00025936044692406734
-0.0002611742856941657
-0.0002680582619999372
-0.00026970307490783996
-0.00027991559643159025
-0.0002817262246956609
-0.00028857920320168873
-0.0002902209911477549
-0.00030037950778247224
-0.00030219241516082906
-0.00030685828817411664
-0.00031004165747497425
-0.00032017927226332676
-0.0003219675052848203
-0.0003287656411661011
-0.0003303877717790171
-0.00034047434328418613
-0.0003422620539745569
-0.00034688990760770033
-0.00035004693024801026
-0.0003601035944703901
-0.00036187122495628943
-0.0003686189550322072
-0.00037022428910551963
-0.0003802309961556949
-0.00038200013634909213
-0.00038871402493056983
-0.0003903160707561526
-0.00040027362334182914
-0.0004020416052856468
-0.0004066101410085954
-0.00040972964403032663
-0.0004196644499532831
-0.00042140965522069473
-0.0004280701040169088
-0.00042965801686492555
-0.0004395412653859787
-0.00044128521667657905
-0.0004479162503857881
-0.000449500212197973
-0.00045933418492943856
-0.00046108213071660575
-0.0004655954278524055
-0.0004686761090978153
-0.00047848557035526373
-0.0004802107730939864
-0.0004867938119087478
-0.0004883591558992872
-0.0004981191300842402
-0.0004998453044800788
-0.0005063965384163593
-0.0005079595498587164
-0.0005176717962786237
-0.0005194014979399697
-0.0005238598268413885
-0.000526901102884364
-0.0005365970397499531
-0.0005382979879474392
-0.0005447987983924762
-0.0005463476489591668
-0.0005559927384370944
-0.0005576968138819027
-0.0005641687196358824
-0.0005657129453190413
-0.0005753096584488748
-0.0005770160915421485
-0.0005814197889646433
-0.0005844258466775054
-0.0005940037527782938
-0.0005956860564280964
-0.0006021093455334803
-0.0006036398793196618
-0.0006131636208704938
-0.0006148528850007662
-0.0006212446911145197
-0.0006227727581885611
-0.0006322510709137474
-0.0006339423985142756
-0.0006382919598047765
-0.0006412654087081526
-0.0006507267726116872
-0.0006523902051736863
-0.0006587330650580647
-0.0006602488429949538
-0.0006696628009602024
-0.0006713296198551377
-0.0006756464683805308
-0.000678593695492502
-0.0006879923331024052
-0.0006896326578978984
-0.0006959361305448053
-0.0006974288829172948
-0.0007067788762655236
-0.0007084239895503164
-0.0007146973661549816
-0.0007161896716725569
-0.0007254917912233594
-0.0007271412846035497
-0.000731409390831772
-0.0007343199875627371
-0.0007436096103340673
-0.0007452313176434522
-0.0007514583849533296
-0.0007529369808821351
-0.0007621797421688004
-0.0007638019227201032
-0.0007700031287741493
-0.0007714804862379854
-0.0007806733418854184
-0.0007823037369502073
-0.000786521062667217
-0.0007893997377695083
-0.0007985791427576328
-0.0008001833218655718
-0.0008063420526055465
-0.0008078012614914643
-0.0008169327054420861
