3.509190079486825
3.4374200339572583
2.1336383864292667
1.5313470456144094
1.2400930350215569
0.9717461191496934
0.8346159514177036
0.7408891316566947
0.6891250464822206
0.654548105384042
0.6288872873440386
0.6085602567204115
0.5841550570538029
0.5653488575576235
0.5431904679633549
0.5262404190789908
0.5060834832715629
0.4903278181576797
0.48145527419337136
0.47595909171694956
0.4595495981633359
0.45639922405738964
0.43629270197852066
0.42886685303397826
0.4265800787600691
0.4042892041676471
0.40249851734428227
0.38469449074041473
0.38321438688001624
0.3617326595998859
0.36035351523598325
0.3526810134453179
0.3515584481123435
0.34127407779837193
0.3401998843036451
0.3313465805288586
0.3302555668506425
0.32665940598529186
0.3258734341381958
0.3147939515480108
0.31385361883983515
0.10559408394624895
0.0504052474249452
0.019341780423226027
0.013358778318617317
0.013014284863482007
0.013010772332203142
