0.5231552878577244
0.5121228842928832
0.39276126110810194
0.20287521230604813
0.15176352507571803
0.13046350994634823
0.10210591006976497
0.09129291873286352
0.08520776589616938
0.07998686619829126
0.07954196982980427
0.07917804070304643
0.0788457836719603
0.0785352834311834
0.07824183217398067
0.07769429102546646
0.07721100104972775
0.07680669560071796
0.07645023824191319
0.07612383205830106
0.07581873401056616
0.07561612474745771
0.07541920636852478
0.07522693804179026
0.07496486646008077
0.0747823769198831
0.07453542726436818
0.07429534467404672
0.074062324011863
0.07389902806820522
0.07367738428469303
0.07352176435535265
0.0733695457483475
0.07322023053818907
0.07301533559888373
0.07281483013112974
0.07267540097830028
0.0725388165868125
0.07234924115000127
0.07216343909190467
0.07198155101819687
0.07185656376476807
0.07173394366078731
0.0716133274230494
0.07144283253118311
0.07127543444753756
0.07111126158376857
0.07095020037443056
0.07084153592080575
0.0706857176157443
0.07053251915977968
0.07042999922464549
0.07032919151605901
0.07018254672087634
0.07003826323235346
0.06994267158779871
0.06980268575429946
0.06966485934462782
0.06957425871988748
0.06948506888389233
0.06935266290738457
0.06926608950141694
0.06918081790252206
0.06905327142568049
0.06897042648540641
0.06884614676193235
0.06876580757376655
0.06864467500759061
0.06856672228235428
0.06844856422415008
0.06833200664515743
0.06825763888806347
0.06814403269296998
0.06807175368715301
0.06800044471623443
0.06789049480700604
0.06778193452821701
0.06767488005439856
0.06756930245431769
0.06750313587963375
0.06740001708883106
0.06733556849299582
0.06723468040195954
0.06717187455253831
0.06707312696660017
0.06701189348019099
0.06691520024442657
0.06681960024148509
0.06676077173692704
0.06666723357426818
0.0666098140966189
0.06651813324111638
0.06642745403840788
0.06633786938317404
0.06624935715415345
0.0661618903230323
0.06607545278296467
0.06602323737317131
0.06597157326107952
0.06588744319166323
0.06583679456841557
0.0657541914849265
0.06567241130103343
0.06562350540371958
0.06554328677361937
0.06549540186414363
0.06544799497158235
0.06536968470225288
0.06532314712466852
0.06527706487131366
0.0652005784422246
0.06515532570000052
0.06508012043586328
0.06500559501957917
0.06496178009123152
0.06491837000342024
0.06484560455927393
0.06480294141737133
0.0647606662842383
0.06468949325993889
0.06464792413876544
0.06460672656107858
0.06453707485868901
0.06449655744407093
0.06442796869649514
0.06435996784782347
0.06429261415455584
0.0642537294295174
0.06418747099041688
0.06414927176490778
0.06411138196194954
0.06407374576799862
0.06400916863247966
0.06397209683561378
0.06390845798999822
0.06387201945142626
0.06383587110278088
0.06377345913830193
0.06371151582948734
0.06365012822293353
0.06361524993562268
0.06355479265895389
0.06352048211915637
0.06346084598389054
0.06342708477859826
0.06339357985857702
0.06333503285922057
0.06327689568311878
0.06321925194688141
0.06318685766402501
0.06315470423308187
0.0631227290569106
0.06306644155062008
0.06301053308048266
0.06297928518400905
0.06294826116234833
0.06289337756095262
0.06283887834770419
0.06278481068605618
0.0627547525969635
0.0627014189711686
0.06267179359514519
0.06261910846033208
0.06256676627390428
0.06251481993868885
0.06248613853878329
0.062457649349980465
0.062406592879219264
0.06237844441410434
0.062327998554006475
0.06227786053035997
0.06222809857494588
0.062178706131535755
0.06212967070023884
0.06208099458975938
0.06203267806481921
0.06200629947684319
0.061958573467401246
0.06193253402528448
0.06188532792302526
0.061838397956874874
0.06181289884141791
0.061787553887155705
0.06176232472846818
0.06171630729714844
0.06167055929891829
0.06162512319997729
0.06160055770250858
0.0615761366027435
0.061531396903247965
0.06150722799363234
0.06146295366410734
0.061439073548478135
0.061415333583613424
0.061371672261529314
0.06132824779157037
0.06130492485752195
0.06126198207604713
0.06121926723167034
0.06119638536750813
0.061154132000461936
0.061112115570458925
0.06108966135284949
0.061048109118754496
0.0610259064805064
0.06098474415343627
0.06094379849844753
0.0609219982106389
0.060881491188093745
0.06084118622582266
0.0608197766878083
0.060798477019865294
0.06077726163439193
0.06075612523767093
0.060716624651340784
0.06069568145958132
0.0606748354446674
0.060635827865744424
0.06061517805356978
0.06057652839650532
0.06055609146555632
0.060517793561787575
0.060497565425592814
0.06047744016835624
0.060439595390655326
0.060419641381816075
0.06038214102231004
0.06034481830582619
0.06032519916704582
0.06028824198423774
0.06026881559899416
0.06023217075295645
0.06021293351471843
0.06017660241762529
0.06014045044663616
0.060121519014065816
0.06008570413864636
0.06006695629482406
0.060031468088307754
0.060012894777704995
0.05997768670593262
0.05994262444622206
0.05990776124077249
0.05987308330936625
0.05985502247060301
0.059820669548592
0.05980277375463294
0.05978497132831412
0.059767211399674336
0.05973331770887849
0.059715698251596366
0.059682081791319425
0.05966461698818215
0.059631266468866045
0.05959805282476427
0.0595808460258391
0.05956371872572283
0.05953088814891633
0.059498194433625196
0.05948128377256143
0.05944886719743084
0.05941659106140165
0.059399922138937106
0.05936793765590767
0.05935140965687047
0.05933495001023345
0.059318544285843766
0.05928694701649345
0.05925548299115957
0.05922417088068474
0.059193019709964045
0.059176992003372536
0.05916102578567234
0.05913020775581154
0.059114355883132796
0.05909855789689564
0.05906803308190442
0.05905235654973909
0.05902205926827139
0.05900650309407002
0.058991012490097555
0.058975565071574004
0.05894563669594738
0.0589302876965514
0.05890057613043176
0.05888534986045446
0.05887018133051575
0.05885505253455639
0.05882569472095206
0.058796443494864986
0.05878149248986467
0.058752462971993935
0.05872354976104438
0.05869476648519792
0.05868007823330887
0.05865151554605119
0.05863693916111337
0.05860856982350168
0.05859409722881978
0.05857968171595321
0.05855157876813283
0.058523574049909544
0.05849569027218485
0.05848150510651276
0.058467375645260944
0.05845327371298098
0.058425719284473876
0.05839826760887373
0.0583709377128408
0.0583570562620557
0.058343224966846796
0.05831615159535514
0.058302401408847765
0.058275510187116575
0.058261858466664956
0.05823514632744234
0.05822158840962624
0.0581950373430937
0.05816858402887279
0.05814224210486488
0.058116005497584194
0.05810272604683053
0.05807668625915843
0.05805072361671018
0.05802487556690494
0.057999124534395624
0.05797348700603441
0.057947952812282294
0.057935052646608504
0.05790969493391773
0.05788442326232954
0.057871668638896145
0.057846576233326424
0.05783390325606769
0.05780895410719933
0.05779636161580093
0.05778381006435088
0.05777129572329426
0.057758792535130526
0.05773416092702843
0.05770958708621901
0.05769721025125957
0.05767281591657583
0.05764848685241214
0.05762425654324915
0.057612064545121855
0.05759991024017869
0.0575758986500316
0.05755194565082469
0.05752808800795098
0.05750432474091832
0.057480648067016915
0.05746875264064499
0.0574568967774611
0.05744506490240053
0.057433247121582515
0.05742146607569701
0.05740969721502334
0.05738639460544845
0.057374688458906115
0.05736302041920027
0.05735137747858801
0.05732830202532738
0.057316711566493095
0.05729376024584626
0.0572822374295153
0.05725944011325129
0.05724798687175478
0.057225296384751795
0.05720266580599653
0.05718012326475411
0.05715766565002711
0.0571464154593255
0.05713519467528183
0.05712399359571635
0.05710174931751144
0.05709060362292959
0.05707949514850366
0.05706839550839768
0.057057324409764326
0.057035329883942054
0.057013395199812134
0.05699153140524363
0.056969746932161475
0.056948050507410086
0.05693719418750787
0.05691563317733489
0.056894115610380214
0.05687267937781609
0.05685131196943968
0.05683001962558612
0.05681937622389388
0.0568087656398685
0.05679818779093024
0.05678760991435072
0.056777059134287405
0.056756038285740024
0.05674553225691828
0.056735040521819824
0.056714160171217665
0.05670372604202881
0.05669332232811325
0.056672602574946856
0.05665192674774994
0.05663132271221197
0.05662103581628142
0.05661077493488931
0.05659031217039401
0.05658009304554787
0.056559754660283346
0.0565394577920392
0.056519223630203425
0.05650913330807883
0.05649906962516088
0.056489017472505426
0.056468972636706194
0.056448977726711536
0.05642904687884456
0.05640917764748832
0.05639927117036703
0.05637951535887692
0.05636965931785906
0.056359819306770476
0.05634019513947355
0.056320614594379176
0.05630110242926939
0.056281648835205644
0.05626225288342582
0.05625259100127761
0.05624294440620298
0.05623332125163524
0.056214094103050866
0.05619491506368435
0.05618536106369021
0.056166289987284734
0.05614726083896504
0.05613778341353798
0.056118875087106085
0.05609999175051736
0.0560811743979267
0.056062407334001196
0.056043709012703224
0.05602506330250545
0.056006479423283906
0.055997221126140584
0.055978737398279854
0.05596028303044917
0.05594189453811871
0.05592356382428615
0.055914431192660596
0.05589619303384885
0.05588710528767127
0.05587803971645919
0.055868988880258263
0.05585088131734267
0.055841863280062104
0.05583286390305037
0.055823886399821415
0.05580592947534965
0.0557969802135975
0.055788052587535275
0.05577019329162192
0.055752366702060324
0.055743492879192724
0.055734651093587856
0.0557169447006578
0.055699286174429846
0.05568167321823586
0.05567290769836583
0.05566416156224871
0.05565542577133917
0.05564670543488284
0.05563798975122128
0.055620563565673076
0.055603179035593975
0.055594521473570885
0.05558588303796538
0.055568607456941144
0.055560000686020156
0.05554281553209514
0.055525654143239594
0.055517115498498415
0.055500054764358875
0.05549154774640849
0.05547453822091636
0.05546606718777217
0.055457618198451186
0.05544069244126976
0.05542382285074518
0.05541542350582934
0.055407035726766446
0.05539866829130574
0.055381923833927565
0.05537358404893422
0.05535692844212464
0.055348621065012066
0.05534032870757388
0.05532375028147696
0.055315484115469854
0.055307239282015364
0.055299012141684145
0.055282546846353836
0.05527433915988422
0.0552579252120487
0.055249750959469796
0.055233415569565764
0.05521711358412798
0.05520899694549103
0.055192774510124054
0.05517658746572332
0.055168523695290905
0.0551524207132936
0.0551363369581295
0.05512030391590844
0.05510430349579601
0.05508835096835693
0.05507244113006149
0.055056576856295975
0.055048666463885176
0.05503286484415368
0.055024989462429286
0.055017136597766525
0.05500144171863888
0.05499360569200773
0.05498578820718064
0.05497797548853023
0.05497016715881611
0.05496238114481772
0.05494682822941152
0.05493128511699777
0.054915788509692226
0.05490805733575993
0.05489261204902149
0.0548772194864969
0.05486185919744896
0.0548465430205366
0.054831267455241584
0.05482364510858287
0.05481605399814482
0.05480844684050626
0.05480085624702152
0.05478570051344936
0.05477813855667221
0.05476303807042868
0.054755505265825094
0.05474797104273371
0.054732965540550516
0.05472546517605367
0.05471797909370579
0.05471049973986439
0.05470303392840098
0.054688124272833594
0.05468067754978262
0.05467324443029073
0.054658405309479824
0.05465099333334
0.054643596813121115
0.05462884709176627
0.05461411386645365
0.05460675895188108
0.054599417507708276
0.05459207191484433
0.054577428992034216
0.05456282767830556
0.05454826588024955
0.05453372635489756
0.05452645735045522
0.05451197938383448
0.05450474920734438
0.0544903295276056
0.054475937910381245
0.05446158823458411
0.05444726179745618
0.05443297739181732
0.05442583381487384
0.05441869433098534
0.054411563328619766
0.05440445964512519
0.05439734994477424
0.05438319310698672
0.054376105372964334
0.05436200719712292
0.05434792108033565
0.05434087269586971
0.05433384476052175
0.05431984305380633
0.05430586081397651
0.05429191109700646
0.05428492382536548
0.054271025934313405
0.05425716482092374
0.05425021417382639
0.05423639409135292
0.05422947222214136
0.054222554184247373
0.05420880806033082
0.05419509280067891
0.054181394806394056
0.054167734497074016
0.05416088937319807
0.0541540434258867
0.054147213922570075
0.054140396217921855
0.05413357623788628
0.05412677464921234
0.054119961985616055
0.05411317390965112
0.05409968125449932
0.05408620612978174
0.0540727671466569
0.054066016998790156
0.054052639690733484
0.054039272575035324
0.05403256010220395
0.05401925120627965
0.05401256327876611
0.053999292079435546
0.053986047459398334
0.05397939436860613
0.05396620356000825
0.05395302889573658
0.05394640723757552
0.05393979763356971
0.053926683822664745
0.05391360413802984
0.05390702286803126
0.053900465181512924
0.05388744969341666
0.05387445243982622
0.053867919917896245
0.053854968652598895
0.053848448810733085
0.053835538577572506
0.05382904053176213
0.053822557522982956
0.053816071333932375
0.053809605221469575
0.05379679824093353
0.05378399006055248
0.05377754524178294
0.053764795357098216
0.053752079924487495
0.05374566818151777
0.05373926111114019
0.05372658502913327
0.0537139420038083
0.053701321850314565
0.05368872053744314
0.053676162234013586
0.053669828287331384
0.05366350053604646
0.053657174231728194
0.0536446845998004
0.05363838181349126
0.05363208670112318
0.05362579091664074
0.05361335327189093
0.05360708125741501
0.05359469953288684
0.05358844596743703
0.05357610186775191
0.053563770128270766
0.05355147708483182
0.05353919106447583
0.05353298415641278
0.053520749440949894
0.05350853954098947
0.05349634593097291
0.05349018303973946
0.05348403590048731
0.05347789868957015
0.05347175596386816
0.053459647247496356
0.0534535230762197
0.05344739926834499
0.053441298807348325
0.05343519298134497
0.05342909941777105
0.05342299945200671
0.053410988744044624
0.0534049113323814
0.053392932377687746
0.05338098075471728
0.053369060553820125
0.05336302414594293
0.053356998822979895
0.05334511933575309
0.05333910311929549
0.05333308466377967
0.05332709110512704
0.05332109230258916
0.05330930450176924
0.05330331951921821
0.05329734015220894
0.053285585294767374
0.053279628921587385
0.0532679058780344
0.053261962122497175
0.053250289514754634
0.05323862185298289
0.05323270282373238
0.05322106881681882
0.05320946902370133
0.05320358004239595
0.05319200635912577
0.053186130384550945
0.05318026358201816
0.05317439155615533
0.05316854102795768
0.053157039488294755
0.05315119748704611
0.05314535762241765
0.05313952419215892
0.05313369656970912
0.0531278753693977
0.05312206216769186
0.05311064539432167
0.053104839609829424
0.0530934725410378
0.05308769075878486
0.053081895694077064
0.05307613796611102
0.05307036255796946
0.053059070763122884
0.05304777472671282
0.0530420264709672
0.053030771995394105
0.05301954037456419
0.053008328645421016
0.05300261576679072
0.0529914372040807
0.05298027028541308
0.052969137656039
0.05296345851041878
0.05295779438957601
0.052946707551254385
0.052941052587148346
0.05292998925705164
0.052924343079713165
0.05291870232848295
0.05291306995877515
0.05290744280357107
0.052901820944197375
0.05289084491066476
0.05288523354716648
0.05287963513730576
0.05286869685682155
0.05285776828266023
0.05284686197492228
0.05283598039953555
0.05282511669292739
0.052819561922638175
0.0528087260662167
0.05280318851628385
0.05279765093467392
0.05278685732876692
0.05278133413970976
0.052775818344361236
0.05277030607322325
0.05275955522490006
0.05274883913086545
0.05274334799422917
0.052737876254606686
0.05273238753827808
0.05272691277690472
0.0527162577981746
0.05270561350054939
0.052700157970305334
0.05269470956630651
0.05268410795031869
0.052673522367065045
0.05266809613283088
0.05266266509227707
0.05265725428742471
0.05265184718376392
0.052641320905829986
0.05263592186965138
0.05263053259246078
0.052625141394690655
0.05261975191890089
0.05261437259823715
0.05260390928818445
0.05259346639672971
0.05258810437565531
0.05258273995162871
0.0525723259017003
0.05256697908199215
0.0525566087414005
0.05254625968256177
0.052540935427343505
0.05253562065980705
0.05252530194634081
0.05251999542532948
0.05251469099461331
0.052509400863840594
0.05250410457097135
0.052498817296814104
0.052488563388262494
0.052478323650496705
0.052468098568175775
0.05245789454663513
0.05244771619930946
0.052442472651668015
0.0524323214474775
0.05242708661429435
0.05241694914492276
0.05240684380502536
0.052396736989753806
0.05238666912871437
0.05237660975273023
0.05237141849820287
0.05236624305640794
0.05236105453798354
0.052351039814506034
0.05234587262852297
0.052340704923665105
0.05233073514694178
0.052320768587363425
0.052315623675922934
0.052310480569982054
0.05230534954554017
0.052300211494583665
0.052290301023976
0.05228517757077902
0.052280051732681354
0.05227016832255771
0.05226030499481352
0.052250457433881126
0.05224536079077066
0.0522355442987705
0.05223046428147746
0.05222067080578477
0.052215605719198116
0.05221052830677278
0.052205476525686856
0.052195720184683325
0.05219066364462216
0.05218561398546273
0.052180568721940074
0.052170861722271755
0.052165823639424846
0.05216080279360799
0.052155780147388725
0.05215075939253555
0.05214574223394619
0.052140731983314675
0.05213108922115206
0.05212145038739702
0.05211183891965834
0.052102249878306084
0.0520972705492089
0.05208771064110787
0.05208274176232336
0.052077771846273435
0.052072812090056375
0.05206329261629131
0.05205834468544873
0.0520533838969931
0.052043903688898024
0.05203896889923257
0.052034029397002524
0.05202910217663892
0.0520241753978706
0.05201470751960938
0.05200528077484004
0.052000370977360266
0.05199095486640534
0.051981547929778826
0.05197665516231609
0.0519717642527871
0.05196239013805448
0.051957507692709654
0.05194815852794499
0.051943289415386645
0.05193397261649277
0.051924664072109605
0.051919813040625734
0.051910528468505523
0.05190568622616484
0.051900857498160924
0.05189601006843411
0.05188675666589265
0.051881932601421876
0.051877108518463805
0.051872287563435704
0.05186747604189257
0.051862666038356986
0.05185785771425139
0.05185305500619242
0.05184825835276419
0.05184345406078483
0.05183865812315888
0.05182951082230566
0.05182472331027371
0.051819948747119454
0.05181082348468208
0.051806048151174816
0.051796933452024324
0.051787840628652104
0.05178308677080051
0.05177402040342044
0.051764965398992335
0.05176022158836707
0.05175548771246519
0.05175075823212308
0.051746035808387825
0.05174130984193359
0.05173230580416385
0.05172331971016533
0.05171860235075576
0.05170963492250494
0.05170492597048232
0.051695995699938935
0.05168705528695858
0.05167812708340058
0.051669225756792586
0.05166033111389362
0.05165144688517084
0.05164258905868649
0.05163372762151519
0.051624881690080504
0.051616052674006874
0.051607242516468005
0.051602606856637645
0.05159797513749251
0.05158919187029068
0.05158041551508802
0.0515716531461671
0.051567046293182345
0.05155832826478199
0.051553734016989816
0.05154502305642364
0.051536318507053924
0.05153172969391062
0.05152715099455815
0.051518481364038
0.051513909168497185
0.05150933121475418
0.051500668229846086
0.051496109384864014
0.05149155112140599
0.05148293095759229
0.051474318130985935
0.051465713713913036
0.051461179583513345
0.05145260852083128
0.05144403941300696
0.05143951538157085
0.051430974459363205
0.051426453247962356
0.05142194956454177
0.051413431805115956
0.051404920782507024
0.05140042093028896
0.05139593240890741
0.05139143940020929
0.051382954375263856
0.05137846690518283
0.05136999003028089
0.05136154487799244
0.05135311659211525
0.05134468725845423
0.05133627731806631
0.051327873650065386
0.051319493525813026
0.05131504670943815
0.051306681115331404
0.05129833120972557
0.0512939035702806
0.05128555961183218
0.05127723758369471
0.05126892438174688
0.05126061258886358
0.051252322820127705
0.051247928591698105
0.05124351930712659
0.051235250043615205
0.05122699534045422
0.05121875585933486
0.0512143761075225
0.051209997876620145
0.05120178454982427
0.051193576034062827
0.05118921167008009
0.0511810210810871
0.0511728380483234
0.051168488935780326
0.051160319303357266
0.05115217617728077
0.05114403699792927
0.05113970510504681
0.05113536521932502
0.05113104092569981
0.05112294251329025
0.05111484125094479
0.05111052708055508
0.05110245312278497
0.05109814921251479
0.05109009459977082
0.05108579692470894
0.05108150859174865
