1.0579362
1.0277579
0.43573678
0.39530152
0.33834863
0.24170694
0.16841644
0.10720506
0.078756236
0.0651119
0.057390302
0.051742528
0.045167577
0.040337346
0.03500282
0.031356014
0.027576081
0.025385575
0.024347052
0.02316695
0.022957766
0.020740705
0.019022696
0.019374983
0.01789256
0.017079562
0.015912784
0.015542046
0.014440672
0.015804302
0.012782406
0.013842948
0.012133878
0.013880749
0.011357191
0.014411843
0.010719593
0.011433858
0.010353854
0.013522624
0.009658301
0.01954791452253738
0.003431717020014922
0.001489831288938823
0.00011994839053932397
1.3932732960350364e-06
1.1318296915150115e-08
