0.6931471805599227
0.6821147769950816
0.6717017250072326
0.661868689374216
0.652578501513421
0.6437961629234529
0.6354887804894639
0.6276254918158161
0.6201773656962568
0.6131173383080256
0.6064201022005126
0.6000620130046805
0.5940210004532842
0.5882764776907219
0.5828092502059193
0.5776014267724561
0.5726363329123703
0.5678984442621883
0.5633732957163128
0.5590474146476729
0.5549082584524365
0.550944145044876
0.5471441933373801
0.5434982643955885
0.5399969187923903
0.5366313572739057
0.5333933805882174
0.5302753471953517
0.5272701269234665
0.5243710722155841
0.5215719770338076
0.5188670582152389
0.5162509046734358
0.513718474869476
0.5112650514976023
0.5088862266353418
0.5065778795972923
0.5043361548622249
0.5021574499322417
0.5000383856564835
0.49797580362297456
0.4959667476070253
0.4940084359683417
0.492098273609786
0.4902338191699496
0.48841278401173865
0.4866330230236699
0.4848925165390777
0.4831893737897695
0.4815218123593276
0.4798881571153008
0.4782868400133966
0.47671637858428295
0.4751753780484488
0.4736625271442697
0.4721765920444435
0.47071640813469995
0.4692808784353099
0.4678689652574192
0.4664796955216896
0.4651121484967423
0.4637654514428473
0.46243878724220394
0.4611313762782703
0.45984248702057107
0.458571429655005
0.45731754100902056
0.4560802104504354
0.45485883719671405
0.45365287502253565
0.45246179423555155
0.4512850969338031
0.450122305873722
0.4489729754058393
0.44783668276619915
0.44671301779140427
0.4456015952485219
0.4445020540332335
0.4434140469585915
0.4423372415880787
0.44127133256317785
0.4402160148676695
0.4391710033579678
0.4381360310234725
0.43711083822230107
0.43609518141403714
0.43508882401328036
0.434091545114828
0.4331031304010752
0.4321233777518236
0.4311520912618586
0.4301890849207434
0.42923418065722213
0.4282872126168843
0.4273480133320931
0.4264164267225766
0.42549230886079886
0.4245755116155028
0.42366589634609153
0.4227633359042362
0.4218677029640653
0.420978874909029
0.4200967354782086
0.41922117352742505
0.418352081723956
0.41748934940822424
0.41663288638525114
0.41578258895745424
0.41493836724967786
0.4141001339664284
0.41326779825200455
0.41244128012275166
0.4116204974258714
0.4108053702785966
0.409995826952766
0.40919179587924526
0.4083931986570488
0.4075999714464412
0.40681204964501805
0.40602936601040973
0.4052518582555111
0.40447946612133673
0.40371213199541556
0.4029497952573472
0.4021924052332046
0.4014399038624982
0.4006922356962768
0.3999493573736733
0.399211211298147
0.39847775403475216
0.39774893238993214
0.39702470275784546
0.39630502158015085
0.39558984311236567
0.3948791203995872
0.3941728150337907
0.39347088271866343
0.39277328508005954
0.3920799820050715
0.3913909319470749
0.390706101158456
0.3900254489453437
0.3893489357566867
0.38867653167184735
0.3880081941478788
0.3873438956154894
0.38668359791895235
0.38602726465055276
0.3853748701394389
0.38472637610149546
0.38408175077800166
0.38344096770538205
0.38280398736576676
0.382170784341401
0.3815413319337078
0.38091559503095257
0.38029354428439616
0.3796751536797345
0.37906039326260615
0.3784492339992254
0.37784164711291895
0.3772376097593353
0.37663709549488644
0.37604007265373446
0.3754465165188544
0.3748564005744521
0.37426970301647455
0.37368639334834725
0.3731064511349975
0.37252984665556915
0.3719565597187464
0.37138656355748245
0.3708198331251002
0.37025634827125636
0.3696960817684308
0.369139011426518
0.3685851166287503
0.3680343730225215
0.36748675805944514
0.3669422487805997
0.3664008248241022
0.36586246146958856
0.3653271402023364
0.3647948359448811
0.36426553034907466
0.36373920329377757
0.3632158284615236
0.36269539117750493
0.3621778680951481
0.3616632400429087
0.36115148496446114
0.3606425828383555
0.36013651900395305
0.35963326518797734
0.3591328090737364
0.3586351284455481
0.3581402038597911
0.3576480166278725
0.3571585523563968
0.3566717875015064
0.35618770529149024
0.3557062859851665
0.35522751169444017
0.35475136335990315
0.3542778262276533
0.3538068819374839
0.35333850949927986
0.3528726955256274
0.3524094197523393
0.3519486694459587
0.351490421442034
0.3510346637877119
0.35058137376193377
0.3501305439922248
0.3496821512989969
0.3492361847700288
0.3487926168177718
0.34835144506199134
0.3479126426066978
0.34747620136200275
0.3470420977077346
0.3466103225014197
0.3461808570533658
0.3457536875381128
0.3453287983545416
0.34490617871006074
0.34448580588028976
0.34406766753466594
0.3436517511167676
0.34323803771821937
0.34282651674585723
0.34241717296198015
0.3420099922826178
0.34160495809127317
0.3412020582535495
0.3408012767108717
0.34040260228746105
0.34000602008232755
0.33961151558957514
0.33921907443387594
0.33882868656410037
0.3384403334661124
0.33805400599263136
0.33766968862142843
0.33728736746051824
0.33690703130537264
0.33652866899943
0.3361522661730653
0.33577780891766085
0.3354052868471029
0.33503468464128144
0.33466598812582327
0.33429919226428373
0.33393427620367266
0.33357123389047444
0.33321005021350864
0.3328507156182441
0.33249321548840105
0.33213753628435805
0.33178367332699976
0.33143160917248443
0.33108133140637225
0.3307328334154021
0.3303861019251568
0.33004112323437224
0.3296978874956434
0.3293563833384142
0.32901659999862215
0.32867852926303603
0.3283421557936248
0.32800746896240174
0.32767446283939583
0.32734312088791406
0.32701343507467767
0.32668539664917606
0.3263589934506633
0.32603421370279423
0.3257110488133796
0.32538948795502304
0.325069522677759
0.3247511414927703
0.32443433094971064
0.32411908427104325
0.3238053959870025
0.3234932506086256
0.3231826366060057
0.32287355006082324
0.3225659801038515
0.3222599152312523
0.32195534985428925
0.32165226965652793
0.3213506660978692
0.32105053308967596
0.32075185488949265
0.32045462960503307
0.3201588445387866
0.3198644911298881
0.31957156266914477
0.31928004735350307
0.31898994257804236
0.31870123110117304
0.3184139074808669
0.3181279658961174
0.3178433938248706
0.317560186847055
0.3172783328063378
0.3169978256601194
0.31671865830347323
0.31644081565919996
0.31616429812149344
0.31588909143740723
0.3156151912013433
0.31534258646858765
0.31507127300666243
0.3148012405684368
0.3145324811169547
0.31426498738836295
0.31399875243020126
0.31373376729946895
0.3134700237304234
0.3132075159762959
0.3129462355435704
0.312686177462474
0.31242733267432643
0.31216969343438156
0.3119132529482121
0.31165800247556175
0.3114039362834732
0.31115104500098273
0.31089932620704835
0.31064876697318333
0.3103993681816458
0.3101511155007016
0.30990400530938084
0.3096580296081199
0.30941318179017796
0.309169455583726
0.30892684551856053
0.3086853397353757
0.30844493751059915
0.3082056315673309
0.3079674148317672
0.3077302819367823
0.30749422057662346
0.3072592272279882
0.30702529832652553
0.30679242909058246
0.3065606083910666
0.30632983266903535
0.3061000940253539
0.30587138856969043
0.3056437088924261
0.30541704849481743
0.30519140268655676
0.3049667672359833
0.30474313304197614
0.30452049327046354
0.304298843565766
0.30407818136824133
0.303858495384095
0.3036397838497698
0.30342203878004
0.3032052577243568
0.3029894300740974
0.30277455448780377
0.30256062366077724
0.30234763439764706
0.3021355797965821
0.3019244500054605
0.3017142488969371
0.3015049653001741
0.3012965913291498
0.3010891302036352
0.30088257163299786
0.30067690641560674
0.30047213794662486
0.3002682528696108
0.30006525277989454
0.2998631278038695
0.29966187668331196
0.29946149508026915
0.2992619736638022
0.2990633119882882
0.2988654983294223
0.29866853427721723
0.29847241443797984
0.2982771302306223
0.2980826821880444
0.2978890623729054
0.2976962668848114
0.2975042882040441
0.29731312528479065
0.2971227739248391
0.29693322829041086
0.2967444825891203
0.2965565356431151
0.2963693789955159
0.2961830120235314
0.2959974262433059
0.2958126181115382
0.29562858762054045
0.29544532603689455
0.2952628322226444
0.29508110121296954
0.29490012581134845
0.29471990602820397
0.2945404314712953
0.294361705841064
0.29418371660683784
0.29400646733149444
0.29382994870305335
0.29365416448027626
0.2934791020269241
0.2933047604210554
0.29313113668808544
0.2929582279746591
0.29278602611502924
0.29261453082841044
0.29244373424701026
0.2922736374448451
0.29210423278987824
0.29193551814942065
0.29176749347835956
0.2916001485072377
0.29143348188576285
0.2912674931805124
0.2911021757409297
0.2909375239997673
0.29077353946415496
0.29061021551939686
0.2904475461259495
0.29028553233985377
0.29012416751742254
0.28996345101759463
0.28980337599442146
0.28964394104970687
0.2894851447589422
0.28932697946303776
0.2891694452207948
0.28901253712657443
0.2888562510172785
0.28870058491636974
0.2885455365065875
0.28839109915797173
0.288237273103758
0.28808405336916076
0.2879314359160155
0.2877794189870464
0.28762799954363594
0.2874771750177257
0.2873269383776952
0.287177291280378
0.2870282305785352
0.286879749200724
0.2867318468685689
0.2865845190283649
0.286437764410044
0.28629158100579477
0.28614596092956435
0.2860009052931225
0.28585641149343666
0.28571247639511765
0.2855690948054096
0.28542626651821723
0.28528398504210734
0.2851422497848836
0.2850010596931535
0.2848604090701505
0.28472029969169377
0.28458072140398616
0.28444167725817154
0.2843031614548686
0.2841651720601906
0.28402770958420737
0.2838907655959643
0.28375434116971054
0.2836184345389356
0.2834830388195493
0.28334815642908867
0.28321378102699146
0.28307991291039203
0.2829465432412229
0.2828136779717779
0.28268130909607675
0.28254943669888377
0.28241805807018644
0.2822871691720743
0.282156767961441
0.2820268534468008
0.281897421927357
0.2817684711378397
0.28163999754221697
0.2815120026065003
0.28138447731827804
0.2812574270914932
0.28113084311804915
0.2810047261081341
0.28087907190404215
0.2807538807162207
0.2806291493514081
0.2805048756171447
0.2803810567175192
0.28025768810705853
0.28013477304947626
0.28001230388053205
0.27989028196166627
0.27976870473258486
0.2796475691245068
0.27952687204244686
0.27940661157345303
0.2792867856145247
0.2791673935458737
0.27904843165665416
0.2789298998931483
0.27881179420935065
0.2786941115298014
0.27857685317084124
0.2784600142518654
0.2783435952148822
0.27822759145123194
0.2781120008458744
0.2779968222038136
0.2778820543279116
0.2777676954053283
0.27765374413225385
0.27754019614738473
0.27742704897925774
0.2773143031950648
0.2772019577056073
0.27709000710267373
0.2769784508277816
0.2768672881273507
0.2767565155055077
0.2766461315332275
0.2765361360702909
0.2764265230654722
0.27631729478733286
0.27620844914762294
0.27609998234880273
0.27599189468243374
0.2758841828101094
0.275776843603533
0.27566987775368174
0.275563283024321
0.27545705840823287
0.2753512000144804
0.27524570632956663
0.27514057710107315
0.2750358128423208
0.27493140691356693
0.2748273590797244
0.27472366844726936
0.27462033323745466
0.2745173508781082
0.2744147215400685
0.274312441466113
0.27421051164990584
0.27410892775780266
0.2740076911890909
0.2739067959995091
0.273806244916348
0.2737060334888274
0.27360616046096015
0.2735066252908781
0.2734074273985866
0.27330856353362976
0.273210031565982
0.2731118325342893
0.2730139626486688
0.2729164214999816
0.2728192041954915
0.27272231387777757
0.2726257455699655
0.27252950171053025
0.2724335764818459
0.272337970152226
0.27224268412378794
0.2721477137322866
0.2720530574217406
0.27195871562672574
0.27186468501969546
0.2717709647241951
0.27167755430147394
0.27158445168043355
0.2714916551963617
0.2713991625324014
0.2713069752092669
0.2712150899971862
0.2711235062593079
0.27103222026063245
0.27094123172785395
0.27085054149704385
0.2707601475014189
0.2706700466200013
0.2705802370434204
0.27049072012951664
0.2704014931961358
0.27031255627485146
0.27022390462266516
0.27013553946986674
0.270047460163226
0.26995966581756786
0.26987215493912897
0.26978492091540773
0.26969797090134723
0.2696112974117374
0.26952490291027426
0.2694387832065432
0.26935293886978373
0.2692673695703559
0.2691820714571576
0.2690970437553854
0.2690122864498654
0.26892779978412423
0.26884357975558487
0.2687596245201707
0.2686759374719451
0.26859251391401223
0.26850935268618015
0.26842645374085233
0.2683438165372057
0.26826143989221507
0.26817931958364427
0.26809745776756955
0.26801585179575205
0.26793450028326854
0.26785340360307497
0.26777255949247764
0.26769196559124725
0.267611623486539
0.2675315312171483
0.2674516881128203
0.26737209200172907
0.26729274219682675
0.2672136408114845
0.2671347815568017
0.2670561641307521
0.2669777898143264
0.26689965562282025
0.2668217619858921
0.2667441061636936
0.2666666897188817
0.26658951170670175
0.2665125677508591
0.266435858607734
0.26635938526603903
0.2662831440162334
0.26620713325189294
0.2661313559840077
0.26605580692752967
0.2659804856770696
0.26590539596057516
0.2658305309726951
0.2657558925421685
0.2656814786884168
0.2656072895416467
0.26553332216235237
0.2654595780987615
0.26538605633349915
0.2653127544417913
0.2652396728061069
0.26516680957944555
0.2650941636813213
0.265021735261462
0.26494952082950873
0.2648775216510601
0.26480573763518617
0.2647341663788005
0.2646628073278862
0.2645916596390031
0.2645207227780309
0.2644499946509039
0.2643794760165164
0.264309166206145
0.26423906243913076
0.26416916541522845
0.264099471682807
0.2640299851806643
0.26396070030981766
0.26389161861397276
0.263822739443568
0.26375406111793587
0.26368558144367005
0.26361730286587526
0.2635492238517861
0.263481340923511
0.26341365652266263
0.26334616772252295
0.26327887562339297
0.2632117745995408
0.2631448689442016
0.2630781563630126
0.26301163607840056
0.26294530741501704
0.2628791684767988
0.2628132205536622
0.2627474619585067
0.26268188913084245
0.2626165068494355
0.26255131027022255
0.262486296240711
0.26242147102378244
0.2623568286198565
0.26229237130981586
0.2622280959053477
0.26216400472550244
0.2621000935255413
0.262036362339886
0.26197281395928423
0.2619094435433896
0.26184625120775196
0.2617832376421984
0.2617204030898312
0.2616577433996042
0.2615952595688673
0.261532949482919
0.26147081337563366
0.2614088530958654
0.26134706549218323
0.26128545045179336
0.2612240055720024
0.2611627336025999
0.26110163124350666
0.26104069888656156
0.2609799340628216
0.26091934007333206
0.2608589121874305
0.26079864937194375
0.26073855573664273
0.2606786258376945
0.2606188637487629
0.26055926322321843
0.260499827279278
0.2604405534742665
0.2603814435165819
0.2603224941621625
0.260263705682674
0.2602050772213886
0.26014661094623004
0.26008830233184843
0.26003015328682283
0.2599721607526301
0.25991432853157015
0.2598566503703528
0.25979912985784603
0.2597417631519423
0.2596845530982879
0.25962749814275676
0.25957059560596146
0.25951384617437534
0.2594572497439773
0.2594008026770787
0.2593445097168242
0.2592883671065774
0.2592323746630854
0.25917653178538425
0.2591208380180223
0.2590652936492692
0.2590098967259947
0.25895464766065607
0.2588995427843583
0.2588445850097656
0.25878977498319117
0.2587351067868118
0.25868058557872387
0.2586262083186697
0.25857197508183805
0.25851788435703665
0.25846393453369726
0.2584101283904421
0.2583564623909504
0.25830293751832634
0.25824955315213965
0.2581963086388117
0.25814320226577675
0.2580902342898924
0.25803740334101066
0.2579847117037506
0.25793215866637476
0.2578797406972097
0.2578274576542544
0.25777531104574597
0.25772329941868904
0.25767142110866703
0.2576196782955816
0.257568068276704
0.25751659313266123
0.25746524747636945
0.25741403633121535
0.25736295656569486
0.25731200764192097
0.2572611888599718
0.2572104986388481
0.2571599401221326
0.25710951142192406
0.25705920999465637
0.2570090364791534
0.2569589916665943
0.25690907275116803
0.25685928172291783
0.2568096157910382
0.25676007635831527
0.2567106631931857
0.2566613727720136
0.2566122096788764
0.256563167691099
0.25651424946619406
0.25646545396470044
0.25641678066449775
0.25636823130290565
0.25631980410512084
0.25627149583948133
0.2562233096386276
0.256175243727161
0.25612729845157384
0.25607947085582317
0.2560317637950725
0.2559841750476368
0.25593670434546756
0.25588935014117375
0.25584211352447234
0.25579499509941117
0.25574799376808505
0.25570110740911367
0.2556543382143101
0.255607681712057
0.2555611403996574
0.25551471388874303
0.2554684018794601
0.25542220359145873
0.25537611871482785
0.2553301442628161
0.2552842843784617
0.2552385373108162
0.25519289869663925
0.255147373644836
0.2551019592833447
0.255056653816975
0.2550114587256212
0.25496637449418896
0.25492139881601905
0.2548765309537389
0.2548317720105235
0.25478712043661356
0.2547425785645487
0.2546981445968155
0.25465381456934477
0.25460959124693
0.2545654747676683
0.2545214625084253
0.2544775577696647
0.2544337565421428
0.25439006122680863
0.25434646936559563
0.2543029818635815
0.2542595960572427
0.2542163142570837
0.25417313511360656
0.25413005939287225
0.25408708535663727
0.2540442117298774
0.25400144042834694
0.25395877026809466
0.25391619924886377
0.2538737310491455
0.25383136178060195
0.2537890908299083
0.25374691969243984
0.2537048495653829
0.2536628768219426
0.2536210028519315
0.2535792253827171
0.25353754610659374
0.25349596514475553
0.25345447977403923
0.2534130897733926
0.2533717974182445
0.2533306011425249
0.25328950093124497
0.25324849326601234
0.25320758146480016
0.2531667644481738
0.25312604257045535
0.2530854142026598
0.25304487843159834
0.2530044359744585
0.2529640866627106
0.2529238317190876
0.25288366671984575
0.25284359385364613
0.25280361355939285
0.25276372409495085
0.252723925758812
0.25268421783965006
0.25264460234862623
0.2526050758041874
0.2525656379349259
0.2525262906635741
0.25248703263472644
0.25244786283739007
0.2524087815092857
0.2523697868602413
0.25233088424009564
0.2522920663869811
0.252253337872753
0.25221469655754863
0.2521761394112297
0.2521376707460671
0.2520992872984121
0.2520609883865434
0.2520227782083247
0.2519846500466673
0.2519466094697974
0.2519086520372244
0.25187078088377524
0.25183299216202604
0.2517952871042091
0.25175766738317257
0.2517201314175721
0.2516826751845276
0.2516453039565417
0.2516080173388438
0.2515708103254241
0.25153368686078437
0.2514966447438543
0.25145968326146717
0.2514228038443393
0.2513860056792472
0.25134928564270304
0.2513126501026812
0.2512760922217577
0.2512396133070948
0.25120321530282574
0.2511668944445071
0.25113065505950444
0.2510944939964903
0.2510584112055422
0.25102240659236064
0.2509864798522937
0.25095063045861415
0.2509148609053145
0.2508791654629432
0.25084354868390635
0.2508080072820955
0.25077254175811486
0.25073715518565115
0.25070184489564007
0.2506666097793061
0.2506314494150537
0.2505963641611069
0.2505613537472429
0.25052641720013197
0.2504915581087468
0.2504567699721485
0.2504220583263655
0.250387418510344
0.2503528526119237
0.25031836179616535
0.25028394306153007
0.25024959818148435
0.25021532335902197
0.2501811245940175
0.25014699562306625
0.25011294011361207
0.2500789556699325
0.25004504229926516
0.2500111983449241
0.24997742892203265
0.24994372563650963
0.24991009605714826
0.249876536216852
0.24984304650439607
0.2498096267090821
0.24977627676232142
0.24974299613509118
0.24970978451847273
0.24967664367994152
0.24964357108139731
0.2496105651910076
0.24957762759352356
0.24954475692890463
0.24951195535900375
0.2494792220618951
0.24944655792554846
0.24941395814190903
0.24938142774387687
0.2493489614187611
0.24931656295162274
0.2492842330015778
0.24925196541917188
0.24921976522372627
0.24918763220085974
0.24915556542743625
0.24912356249412623
0.24909162569046386
0.24905975134301234
0.2490279425361522
0.2489962000001047
0.24896452046947287
0.24893290621249023
0.24890135483811923
