1.057936191558838
1.0277578830718994
0.4357367753982544
0.3953015208244324
0.3383486270904541
0.2417069375514984
0.16841644048690796
0.10720506310462952
0.07875623553991318
0.06511189788579941
0.057390302419662476
0.05174252763390541
0.045167576521635056
0.040337346494197845
0.03500282019376755
0.03135601431131363
0.027576081454753876
0.025385575369000435
0.024347051978111267
0.023166950792074203
0.02295776642858982
0.020740704610943794
0.01902269572019577
0.01937498338520527
0.017892559990286827
0.017079561948776245
0.01591278426349163
0.015542046166956425
0.014440671540796757
0.01580430194735527
0.012782406061887741
0.013842947781085968
0.012133877724409103
0.013880749233067036
0.011357191018760204
0.01441184338182211
0.010719592683017254
0.011433858424425125
0.010353853926062584
0.013522624038159847
0.009658301249146461
0.010594164952635765
0.009346314705908298
0.011178970336914062
0.008957620710134506
0.010523511096835136
0.008680247701704502
0.00992638897150755
0.008427112363278866
0.011135528795421124
0.00816067960113287
0.008973046205937862
0.00794196967035532
0.009870031848549843
0.007707320153713226
0.00829518586397171
0.00752733089029789
0.010951345786452293
0.007307448890060186
0.007569537963718176
0.007086811121553183
0.00935142207890749
0.006875554099678993
0.007680309936404228
0.006713701877743006
0.008846517652273178
0.006596998777240515
0.007347328122705221
0.006449613720178604
0.00849408283829689
0.006351145450025797
0.007087544538080692
0.006213252432644367
0.008262544870376587
0.006133027374744415
0.006889086216688156
0.006000538822263479
0.008136496879160404
0.005939229857176542
0.006107957102358341
0.005786939989775419
0.008969303220510483
0.005713881924748421
0.00561496801674366
0.005794978234916925
0.00546150840818882
0.008500992320477962
0.005423205904662609
0.0053244903683662415
0.005494572687894106
0.005179672501981258
0.00784947257488966
0.005150571931153536
0.005059848073869944
0.005203955341130495
0.004932371433824301
0.00927482545375824
0.005010068882256746
0.004680995363742113
0.006779584102332592
0.004697571974247694
0.004623438231647015
0.0051334393210709095
0.004548196215182543
0.006187633611261845
0.0045572081580758095
0.004705555737018585
0.004430967848747969
0.008254448883235455
0.004533903673291206
0.004241244867444038
0.006182120181620121
0.004281835630536079
0.004206763580441475
0.004682439379394054
0.004141808021813631
0.004800872877240181
0.004115517716854811
0.004949444904923439
0.004093429073691368
0.004461146425455809
0.004038811661303043
0.005303689744323492
0.004051835276186466
0.004165683872997761
0.003949787933379412
0.00656535942107439
0.004008307121694088
0.0037972102873027325
0.008419817313551903
0.004042852204293013
0.0036215349100530148
0.0049382466822862625
0.0036549537908285856
0.003778602695092559
0.003546246560290456
0.00803693849593401
0.003826606087386608
0.0034030235838145018
0.003959000110626221
0.003392511047422886
0.004149397369474173
0.0033864525612443686
0.0037379488348960876
0.003342878306284547
0.003869863925501704
0.003332652850076556
0.0040464624762535095
0.0033273561857640743
0.0036637475714087486
0.003285583108663559
0.004512607119977474
0.003326481906697154
0.003443026216700673
0.003221920458599925
0.0069510736502707005
0.0034669232554733753
0.003111305646598339
0.004287771414965391
0.003155290614813566
0.003099230583757162
0.003366858698427677
0.0030655087903141975
0.004086498636752367
0.003099837340414524
0.003193975193426013
0.0030118608847260475
0.005837017670273781
0.003184489207342267
0.0029167355969548225
0.003842214122414589
0.0029496464412659407
0.0030345122795552015
0.0028686553705483675
0.007319416385143995
0.003262288635596633
0.0027606177609413862
0.0030054207891225815
0.002731842454522848
0.003684680676087737
0.0027731459122151136
0.002862898400053382
0.0026871541049331427
0.006943771615624428
0.003080003894865513
0.002600515028461814
0.0028365084435790777
0.0025738042313605547
0.0035108511801809072
0.002618089783936739
0.0025685408618301153
0.002771322149783373
0.0025447034277021885
0.0033575389534235
0.0025815090630203485
0.00265695177949965
0.002506773453205824
0.005881451070308685
0.0028026087675243616
0.0024318869691342115
0.0029762196354568005
0.002438821131363511
0.002713581547141075
0.0024100567679852247
0.0028573600575327873
0.002414141548797488
0.0026383865624666214
0.0023896871134638786
0.003287463216111064
0.002437249757349491
0.0023870891891419888
0.0025805351324379444
0.0023653467651456594
0.0031574382446706295
0.0024049796629697084
0.002478040987625718
0.00233097723685205
0.005222852807492018
0.0025931219570338726
0.0022705718874931335
0.0027565450873225927
0.0022777810227125883
0.0025235048960894346
0.0022524958476424217
0.002662041923031211
0.002257390646263957
0.0024634795263409615
0.0022354654502123594
0.003079915652051568
0.002282656729221344
0.0022340533323585987
0.002412246074527502
0.0022144876420497894
0.002951696515083313
0.0022544297389686108
0.0023227555211633444
0.002183654811233282
0.006643957458436489
0.0027132940012961626
0.002129391534253955
0.0021849453914910555
0.002069977344945073
0.005565035156905651
0.00246388278901577
0.002016842132434249
0.0020582315046340227
0.002003065310418606
0.0021885945461690426
0.001984125003218651
0.0023015218321233988
0.001989278243854642
0.002152468776330352
0.0019722674041986465
0.0026621620636433363
0.002014461439102888
0.001971903955563903
0.002394765382632613
0.001981183188036084
0.0022012321278452873
0.0019595399498939514
0.0023350194096565247
0.0019671532791107893
0.0021618285682052374
0.0019476758316159248
0.002281209919601679
0.001953845378011465
0.002126165898516774
0.001936270040459931
0.002662322949618101
0.0019823673646897078
0.0019368513021618128
0.002085914835333824
0.001921262708492577
0.0025618947111070156
0.0019602051470428705
0.0019205814460292459
0.0023086839355528355
0.0019289982737973332
0.002129957778379321
0.00190920929890126
0.002256190637126565
0.001916204346343875
0.0020953910425305367
0.001898265676572919
0.0022087146062403917
0.0019040009938180447
0.002063815016299486
0.0018876937683671713
0.0025709362234920263
0.0019309479976072907
0.0018880012212321162
0.0023022557143121958
0.001897835754789412
0.0019348373170942068
0.0018843909492716193
0.002046356676146388
0.00186799222137779
0.002560100983828306
0.0019124695099890232
0.0018686250550672412
0.002287851879373193
0.001878899522125721
0.0019164247205480933
0.0018651601858437061
0.0020285111386328936
0.001848731655627489
0.002133582951501012
0.0018540382152423263
0.0020009547006338835
0.0018389923498034477
0.0024737168569117785
0.0018793249037116766
0.0018390682525932789
0.002221230650320649
0.001848237938247621
0.002047519898042083
0.0018289221916347742
0.002175562083721161
0.0018368083983659744
0.0020171012729406357
0.0018191118724644184
0.002133686328306794
0.0018258572090417147
0.001989046111702919
0.0018096067942678928
0.002095198491588235
0.001815333729609847
0.001963151153177023
0.0018003813456743956
0.002439854433760047
0.001841989578679204
0.0018008879851549864
0.002184819895774126
0.0018105688504874706
0.0020114481449127197
0.0017912664916366339
0.002141822362318635
0.0017997288377955556
0.0019827508367598057
0.001781956758350134
0.002102338708937168
0.00178932782728225
0.0019562176894396544
0.001772922114469111
0.0020658986177295446
0.0017793045844882727
0.0019315716344863176
0.0017641389276832342
0.002422007266432047
0.0018081616144627333
0.0017652394017204642
0.0021595563739538193
0.0017757669556885958
0.0018108573276549578
0.0017618699930608273
0.0019114275928586721
0.001746989437378943
0.002394713694229722
0.0017905341228470206
0.0017480873502790928
0.0021354027558118105
0.0017585266614332795
0.0017929329769685864
0.001744698965921998
0.001890844781883061
0.001730159274302423
0.0023648864589631557
0.0017729627434164286
0.0017312212148681283
0.0021099604200571775
0.0017415073234587908
0.001775089418515563
0.001727815018966794
0.0018700358923524618
0.0017136612441390753
0.002333630807697773
0.0017555588856339455
0.001714647514745593
0.0020835825707763433
0.001724720699712634
0.001757349818944931
0.0017112147761508822
0.0018490763613954186
0.0016974774189293385
0.002300579333677888
0.001738274935632944
0.0016983620589599013
0.002056410303339362
0.00170816236641258
0.0018967748619616032
0.0016902451170608401
0.002022818196564913
0.0016990832518786192
0.0018740235827863216
0.0016823414480313659
0.0019915616139769554
0.0016902907518669963
0.0018525829073041677
0.0016746235778555274
0.0019621350802481174
0.001681769615970552
0.001832436304539442
0.0016670937184244394
0.0019347557099536061
0.0016735102981328964
0.0018135725986212492
0.0016597314970567822
0.0022726543247699738
0.0017022372921928763
0.0016610667807981372
0.0020240782760083675
0.0016714957309886813
0.0017035375349223614
0.0016577262431383133
0.0017914344789460301
0.001644518575631082
0.002232644008472562
0.0016851640539243817
0.0016456242883577943
0.001992851495742798
0.0016555525362491608
0.001686055795289576
0.0016422097105532885
0.0017693362897261977
0.0016295938985422254
0.0021919370628893375
0.00166829873342067
0.001630456536076963
0.001961309462785721
0.0016398562584072351
0.0018147840164601803
0.0016233042115345597
0.0019341170554980636
0.0016319300048053265
0.0017960144905373454
0.001616317662410438
0.0019085912499576807
0.0016242268029600382
0.0017782814102247357
0.0016094613820314407
0.0018843491561710835
0.0016167160356417298
0.0017614294774830341
0.0016027492238208652
0.0018615192966535687
0.0016093928134068847
0.0017454263288527727
0.0015961615135893226
0.0018399000400677323
0.0016022450290620327
0.001730213058181107
0.0015896939439699054
0.0021562317851930857
0.0016296007670462132
0.0015909093199297786
0.0019230165053158998
0.0016007721424102783
0.0016298078699037433
0.0015875292010605335
0.001707199844531715
0.0015757102519273758
0.0021095818374305964
0.0016130080912262201
0.0015765881398692727
0.001888361293822527
0.001585719408467412
0.001751007279381156
0.0015701405936852098
0.0018655976746231318
0.0015786327421665192
0.0017350552370771766
0.0015638204058632255
0.0018441107822582126
0.0015717280330136418
0.001719954307191074
0.0015576134901493788
0.0018236448522657156
0.0015649854904040694
0.0017055760836228728
0.001551522989757359
0.0018043164163827896
0.0015583822969347239
0.0016918114852160215
0.0015455330722033978
0.0017859205836430192
0.0015519310254603624
0.001678735134191811
0.0015396487433463335
0.0021029626950621605
0.001580339390784502
0.0015411801869049668
0.0018698329804465175
0.0015514064580202103
0.0015800866531208158
0.0015378800453618169
0.0016547295963391662
0.001526450738310814
0.0020499189849942923
0.0015638265758752823
0.0015275429468601942
0.0018316315254196525
0.0015368277672678232
0.0016986007103696465
0.0015216850442811847
0.0018122823676094413
0.0015304378466680646
0.0016848929226398468
0.0015159230679273605
0.0017938464879989624
0.0015241756336763501
0.0016717350808903575
0.0015102563193067908
0.001776294899173081
0.0015180503251031041
0.0016591924941167235
0.0015046758344396949
0.0017594534438103437
0.0015120350290089846
0.0016471132403239608
0.001499181380495429
0.0017434266628697515
0.0015061357989907265
0.0016355070983991027
0.0014937714440748096
0.001728056464344263
0.001500347163528204
0.0016243961872532964
0.0014884404372423887
0.002041666768491268
0.0015293044270947576
0.001490181777626276
0.0018111650133505464
0.0015005877939984202
0.001528525841422379
0.0014869337901473045
0.0015993708511814475
0.0014760108897462487
0.0019824798218905926
0.0015128405066207051
0.0014772025169804692
0.0017693527042865753
0.0014864398399367929
0.0016423206543549895
0.0014719233149662614
0.0017534156795591116
0.0014807404950261116
0.001630875514820218
0.0014667294453829527
0.0017383077647536993
0.001475159078836441
0.0016198938246816397
0.001461606239899993
0.0017237438587471843
0.0014696656726300716
0.0016093156300485134
0.001456555793993175
0.0017097877571359277
0.0014642656315118074
0.0015990606043487787
0.0014515644870698452
0.0016962564550340176
0.001458944519981742
0.0015891359653323889
0.0014466479187831283
0.0016834210837259889
0.0014537182869389653
0.0015795743092894554
0.0014417923521250486
0.0016709938645362854
0.001448575989343226
0.001570390653796494
0.001436989987269044
0.0016589370789006352
0.0014434949262067676
0.001561384997330606
0.0014322532806545496
0.0019618249498307705
0.0014721014304086566
0.0014340277994051576
0.0017388873966410756
0.001444256748072803
0.0014706117799505591
0.0014307983219623566
0.0015356786316260695
0.0014206531923264265
0.0018973700935021043
0.001455834018997848
0.0014218093128874898
0.0016945353709161282
0.0014306963421404362
0.001576646463945508
0.0014171565417200327
0.0016824976773932576
0.0014257460134103894
0.0015676595503464341
0.0014125555753707886
0.0016707895556464791
0.0014208689099177718
0.0015589377144351602
0.0014080151449888945
0.0016596218338236213
0.0014160837745293975
0.0015506120398640633
0.001403536181896925
0.0016489630797877908
0.001411353936418891
0.0015424564480781555
0.001399099943228066
0.0016384823247790337
0.0014066864969208837
0.0015345587162300944
0.0013947110855951905
0.0016283228760585189
0.0014020799426361918
0.00152686913497746
0.0013903750805184245
0.0016185990534722805
0.0013975322945043445
0.0015193592989817262
0.0013860886683687568
0.001609243219718337
0.0013930457644164562
0.0015120855532586575
0.0013818425359204412
0.0016000494360923767
0.00138862116727978
0.0015050416113808751
0.0013776427367702127
0.0015912125818431377
0.001384252798743546
0.001498185796663165
0.001373486127704382
0.0015826199669390917
0.0013799313455820084
0.0014914803905412555
0.001369381439872086
0.0018745210254564881
0.0014082039706408978
0.0013711928622797132
0.0016592993633821607
0.001381252775900066
0.001405981369316578
0.0013679881813004613
0.0016624461859464645
0.0013784749899059534
0.0014039239613339305
0.0013648699969053268
0.0014646732015535235
0.0013553062453866005
0.0018107116920873523
0.0013899407349526882
0.0013566159177571535
0.0016154098557308316
0.001365515636280179
0.0015051356749609113
0.0013526442926377058
0.0016074067680165172
0.0013614048948511481
0.0014988862676545978
0.0013487207470461726
0.0015997542068362236
0.0013573282631114125
0.001492730458267033
0.001344831776805222
0.0015922824386507273
0.0013533117016777396
0.001486781518906355
0.0013409792445600033
0.0015849866904318333
0.0013493195874616504
0.0014808750711381435
0.0013371590757742524
0.001577848568558693
0.0013453823048621416
0.0014751516282558441
0.0013333839597180486
0.001571053871884942
0.001341486582532525
0.0014695713762193918
0.0013296327088028193
0.0015642622020095587
0.0013376353308558464
0.0014641369925811887
0.001325926510617137
0.0015578554011881351
0.0013338353019207716
0.0014588750200346112
0.0013222497655078769
0.0015515732811763883
0.001330066006630659
0.0014536892995238304
0.0013186110882088542
0.0015455270186066628
0.0013263350119814277
0.0014486191794276237
0.0013149998849257827
0.0015395503723993897
0.0013226408045738935
0.001443643937818706
0.0013114187167957425
0.0015337459044530988
0.0013189985183998942
0.0014388611307367682
0.001307880855165422
0.0015282734530046582
0.0013153923209756613
0.0014342115027830005
0.0013043773360550404
0.001523017999716103
0.0013118385104462504
0.0014297225279733539
0.0013009095564484596
0.0015179796610027552
0.0013083205558359623
0.0014253470581024885
0.0012974647106602788
0.0015130199026316404
0.0013048353139311075
0.0014210741501301527
0.001294059562496841
0.0015083040343597531
0.001301390235312283
0.0014169071801006794
0.0012906761839985847
0.0015036402037367225
0.0012979706516489387
0.0014128241455182433
0.0012873205123469234
0.0014991204952821136
0.0012945900671184063
0.0014088170137256384
0.0012840041890740395
0.001494866912253201
0.0012912582606077194
0.0014050405006855726
0.0012807120801880956
0.0014907220611348748
0.001287945662625134
0.0014012552564963698
0.0012774454662576318
0.0014866744168102741
0.0012846614699810743
0.001397552085109055
0.0012742056278511882
0.0014827355043962598
0.0012814224464818835
0.001393982209265232
0.0012710033915936947
0.0014791052090004086
0.0012782212579622865
0.001390576479025185
0.001267828163690865
0.001475576777011156
0.0012750582536682487
0.0013872619019821286
0.0012646722607314587
0.0014720517210662365
0.001271904562599957
0.0013839155435562134
0.001261546858586371
0.0014687400544062257
0.0012687942944467068
0.001380744157359004
0.001258449861779809
0.0014655709965154529
0.0012657127808779478
0.001377617008984089
0.0012553769629448652
0.0014624930918216705
0.0012626663083210588
0.0013746301410719752
0.001252337940968573
0.0014597048284485936
0.001259661978110671
0.0013718045083805919
0.0012493233662098646
0.0014569525374099612
0.001256684772670269
0.0013689958723261952
0.0012463348684832454
0.0014543950092047453
0.0012537349248304963
0.0013663015561178327
0.0012433739611878991
0.0014519779942929745
0.00125082116574049
0.0013637127121910453
0.001240435754880309
0.0014496124349534512
0.0012479289434850216
0.0013611380709335208
0.0012375229271128774
0.0014474013587459922
0.0012450817739591002
0.0013587907887995243
0.0012346316361799836
0.0014452532632276416
0.001242235885001719
0.0013563070679083467
0.0012317743385210633
0.001443397137336433
0.0012394431978464127
0.0013540706131607294
0.0012289363658055663
0.00144153309520334
0.0012366953305900097
0.001352013903670013
0.0012261271476745605
0.0014399054925888777
0.0012339575914666057
0.0013499291380867362
0.0012233412126079202
0.001438341336324811
0.0012312412727624178
0.0013478832552209496
0.001220574020408094
0.001436866819858551
0.0012285583652555943
0.0013459540205076337
0.0012178398901596665
0.0014355728635564446
0.0012259159702807665
0.0013441486516967416
0.0012151276459917426
0.0014344375813379884
0.001223298953846097
0.0013424279168248177
0.00121244415640831
0.0014334365259855986
0.0012207233812659979
0.0013408542145043612
0.0012097886065021157
0.0014326674863696098
0.0012181714409962296
0.0013393436092883348
0.0012071507517248392
0.0014319036854431033
0.0012156639713793993
0.0013380186865106225
0.0012045509647578
0.0014315256848931313
0.0012131815310567617
0.00133671669755131
0.0012019672431051731
0.0014311257982626557
0.0012107137590646744
0.0013354398543015122
0.0011993994703516364
0.0014307040255516768
0.001208272879011929
0.0013342734891921282
0.0011968682520091534
0.0014305929653346539
0.0012058879947289824
0.0013332958333194256
0.0011943511199206114
0.0014305231161415577
0.0012035149848088622
0.0012233320157974958
0.0011913242051377892
0.001421471475623548
0.0012001579161733389
0.0013252191711217165
0.001188858994282782
0.0014217768330127
0.00119785126298666
0.0013245061272755265
0.0011864203261211514
0.001422185800038278
0.0011955759255215526
0.0012152879498898983
0.0011833554599434137
0.0014115863014012575
0.0011922105913981795
0.0013166648568585515
0.0011809503193944693
0.0014120788546279073
0.0011899741366505623
0.0013161399401724339
0.0011785804526880383
0.001412940677255392
0.0011877872748300433
0.0012074081460013986
0.0011755524901673198
0.0014026763383299112
0.0011843690881505609
0.0013079660711809993
0.0011732190614566207
0.0014036627253517509
0.001182220526970923
0.0013076923787593842
0.0011709171812981367
0.001404931885190308
0.0011800959473475814
0.0011996121611446142
0.0011678485898301005
0.001393004204146564
0.001176670310087502
0.0012995682191103697
0.0011655743001028895
0.0013942783698439598
0.0011745976516976953
0.0011936909286305308
0.0011625713668763638
0.0013834360288456082
0.0011711742263287306
0.0012913536047562957
0.001160327112302184
0.0013847530353814363
0.0011691265972331166
0.001291349297389388
0.0011581156868487597
0.00138639728538692
0.0011671235552057624
0.0011861188104376197
0.001155085046775639
0.0013741108123213053
0.0011637051356956363
0.0012833202490583062
0.0011529086623340845
0.0013758785789832473
0.0011617537820711732
0.0012836516834795475
0.0011507677845656872
0.0013779981527477503
0.0011598351411521435
0.0011787816183641553
0.0011477723019197583
0.0013660743134096265
0.0011563620064407587
0.0012752892216667533
0.0011456575011834502
0.0013682396383956075
0.0011544637382030487
0.0012757291551679373
0.00114355084951967
0.0013703119475394487
0.0011526003945618868
0.0011714480351656675
0.0011405341792851686
0.0013571326853707433
0.001149142743088305
0.0012675576144829392
0.0011384744429960847
0.001359570655040443
0.0011473286431282759
0.001268297783099115
0.0011364478850737214
0.0013622433179989457
0.0011455584317445755
0.0011643600882962346
0.0011334671871736646
0.0013495266903191805
0.0011420517694205046
0.0012598673347383738
0.0011314618168398738
0.0013522445224225521
0.001140293083153665
0.0012607310200110078
0.0011294855503365397
0.0013551140436902642
0.0011385789839550853
0.0011572910007089376
0.001126469112932682
0.0013409899547696114
0.0011350809363648295
0.0012524498160928488
0.001124522415921092
0.0013439975446090102
0.0011334039736539125
0.0011516152881085873
0.0011215602280572057
0.0013306561158969998
0.0011298763565719128
0.001243847655132413
0.0011196325067430735
0.0013336936244741082
0.0011282125487923622
0.001244966872036457
0.0011177267879247665
0.0013368541840463877
0.0011265870416536927
0.0011447062715888023
0.0011147414334118366
0.0013223133282735944
0.0011230848031118512
0.001236634561792016
0.0011128686601296067
0.0013255925150588155
0.0011214788537472486
0.001237917342223227
0.001111020683310926
0.0013290811330080032
0.001119917957112193
0.0011379718780517578
0.0011080550029873848
0.0013147405115887523
0.0011163452873006463
0.0012290661688894033
0.0011062194826081395
0.0013181056128814816
