1.057936191558838
1.0277578830718994
0.672127902507782
0.43083658814430237
0.2266223132610321
0.2940097749233246
0.11843185871839523
0.11682642996311188
0.06632717698812485
0.056583892554044724
0.05566118657588959
0.05494005233049393
0.05430113896727562
0.05371725559234619
0.05317485332489014
0.0521782822906971
0.051315948367118835
0.05060376226902008
0.04998117685317993
0.04941471666097641
0.04888801649212837
0.04853982850909233
0.048202402889728546
0.04787381365895271
0.04742713272571564
0.047117192298173904
0.04669881612062454
0.04629342257976532
0.04590127244591713
0.04562734067440033
0.045256417244672775
0.044996827840805054
0.04474348574876785
0.04449555650353432
0.04415610805153847
0.043825000524520874
0.043595511466264725
0.04337120056152344
0.04306059330701828
0.04275718331336975
0.04246111214160919
0.04225832596421242
0.04205984249711037
0.04186505824327469
0.0415903702378273
0.04132156819105148
0.04105882719159126
0.040801919996738434
0.040629178285598755
0.040382057428359985
0.040139902383089066
0.03997839242219925
0.03981994837522507
0.0395900122821331
0.039364539086818695
0.039215657860040665
0.03899815306067467
0.03878471627831459
0.038644902408123016
0.038507577031850815
0.0383041687309742
0.03817162290215492
0.0380413718521595
0.037846989929676056
0.03772115707397461
0.03753282502293587
0.03741149976849556
0.037228990346193314
0.037111908197402954
0.036934882402420044
0.0367608517408371
0.03665018454194069
0.03648150712251663
0.03637456148862839
0.03626924753189087
0.036107271909713745
0.03594788536429405
0.03579126298427582
0.03563730791211128
0.03554113209247589
0.03539159521460533
0.03529844433069229
0.035152945667505264
0.03506265953183174
0.03492102399468422
0.03483348339796066
0.03469555452466011
0.034559641033411026
0.03447626903653145
0.03434400632977486
0.034263063222169876
0.034134116023778915
0.034007009118795395
0.03388184309005737
0.03375858813524246
0.03363717347383499
0.03351759910583496
0.033445585519075394
0.033374469727277756
0.03325892239809036
0.033189557492733
0.0330766960978508
0.03296531364321709
0.0328989140689373
0.03279021009802818
0.03272551670670509
0.03266161307692528
0.032556239515542984
0.03249380737543106
0.03243209794163704
0.03232990577816963
0.032269615679979324
0.032169636338949203
0.03207086771726608
0.03201296180486679
0.03195570781826973
0.03185992315411568
0.0318039208650589
0.031748536974191666
0.03165547549724579
0.03160127252340317
0.031547658145427704
0.03145720064640045
0.03140471503138542
0.03131605684757233
0.031228424981236458
0.031141895800828934
0.031092064455151558
0.031007347628474236
0.0309586264193058
0.030910393223166466
0.03086257353425026
0.03078065998852253
0.03073376975953579
0.03065343014895916
0.030607545748353004
0.030562108382582664
0.030483804643154144
0.030406324192881584
0.030329741537570953
0.03028636798262596
0.030211295932531357
0.03016880340874195
0.030095089226961136
0.030053462833166122
0.03001222014427185
0.02994028478860855
0.029869062826037407
0.029798632487654686
0.029759153723716736
0.029720032587647438
0.029681196436285973
0.029612934216856956
0.029545331373810768
0.02950764074921608
0.02947026863694191
0.029404286295175552
0.029338950291275978
0.02927429787814617
0.029238443821668625
0.029174944385886192
0.02913975529372692
0.029077284038066864
0.029015380889177322
0.028954120352864265
0.028920376673340797
0.028886903077363968
0.02882702648639679
0.02879408746957779
0.028735162690281868
0.028676742687821388
0.028618916869163513
0.0285616647452116
0.028504980728030205
0.02844885364174843
0.028393277898430824
0.02836300991475582
0.028308328241109848
0.028278570622205734
0.028224695473909378
0.028171271085739136
0.028142305091023445
0.028113558888435364
0.028084982186555862
0.0280329417437315
0.02798132784664631
0.02793019451200962
0.02790260687470436
0.027875224128365517
0.02782512456178665
0.027798129245638847
0.02774873562157154
0.027722155675292015
0.02769576385617256
0.02764730155467987
0.027599213644862175
0.027573443949222565
0.027526067569851875
0.02747904509305954
0.027453908696770668
0.02740756794810295
0.027361594140529633
0.027337078005075455
0.02729177474975586
0.027267614379525185
0.027222895994782448
0.027178509160876274
0.02715492807328701
0.027111168950796127
0.027067728340625763
0.02704470045864582
0.027021823450922966
0.026999061927199364
0.02697639912366867
0.02693413384258747
0.02691175602376461
0.02688951976597309
0.026847967877984047
0.026826009154319763
0.026784975081682205
0.026763316243886948
0.02672279067337513
0.02670142985880375
0.026680199429392815
0.026640327647328377
0.026619339361786842
0.0265799667686224
0.026540866121649742
0.026520343497395515
0.0264817476272583
0.026461496949195862
0.026423348113894463
0.026403354480862617
0.02636566013097763
0.02632821910083294
0.026308653876185417
0.02627168595790863
0.026252374053001404
0.026215849444270134
0.02619677409529686
0.02616066113114357
0.026124771684408188
0.026089148595929146
0.026053793728351593
0.026035407558083534
0.0260004885494709
0.025982342660427094
0.025964297354221344
0.02594630979001522
0.02591203898191452
0.025894252583384514
0.025860359892249107
0.025842785835266113
0.025809254497289658
0.025775939226150513
0.025758713483810425
0.025741567835211754
0.025708766654133797
0.02567615546286106
0.025659315288066864
0.025627082213759422
0.02559504471719265
0.025578534230589867
0.025546876713633537
0.02553054504096508
0.025514300912618637
0.025498123839497566
0.025467000901699066
0.025436069816350937
0.02540534734725952
0.025374839082360268
0.02535916306078434
0.02534356899559498
0.025313496589660645
0.025298044085502625
0.02528267353773117
0.02525300346314907
0.0252377912402153
0.02520841173827648
0.025193355977535248
0.02517837844789028
0.025163456797599792
0.02513456903398037
0.025119785219430923
0.02509118989109993
0.02507655881345272
0.025061992928385735
0.025047482922673225
0.02501934953033924
0.024991372600197792
0.024977099150419235
0.02494940534234047
0.024921875447034836
0.024894511327147484
0.024880563840270042
0.024853484705090523
0.024839691817760468
0.024812854826450348
0.02479918859899044
0.024785585701465607
0.02475910075008869
0.02473275363445282
0.024706564843654633
0.024693265557289124
0.02468002401292324
0.024666815996170044
0.024641044437885284
0.024615418165922165
0.024589939042925835
0.02457701973617077
0.02456415444612503
0.024538997560739517
0.024526240304112434
0.024501319974660873
0.024488680064678192
0.02446398325264454
0.024451464414596558
0.024426976218819618
0.024402612820267677
0.024378398433327675
0.02435431256890297
0.024342145770788193
0.024318290874361992
0.02429455891251564
0.02427096478641033
0.024247484281659126
0.024224167689681053
0.024200962856411934
0.024189259856939316
0.024166274815797806
0.02414340153336525
0.02413187175989151
0.024109212681651115
0.024097789078950882
0.024075308814644814
0.024063974618911743
0.0240526981651783
0.024041447788476944
0.024030229076743126
0.024008143693208694
0.023986132815480232
0.023975059390068054
0.023953266441822052
0.023931555449962616
0.023909974843263626
0.023899128660559654
0.023888319730758667
0.02386699803173542
0.023845743387937546
0.023824619129300117
0.023803602904081345
0.023782696574926376
0.023772208020091057
0.02376176230609417
0.023751337081193924
0.023740941658616066
0.023730576038360596
0.023720234632492065
0.023699771612882614
0.0236895103007555
0.023679286241531372
0.02366909757256508
0.023648902773857117
0.0236387699842453
0.023618727922439575
0.02360869199037552
0.02358882874250412
0.023578856140375137
0.02355913072824478
0.023539483547210693
0.023519933223724365
0.02350049465894699
0.02349076420068741
0.023481065407395363
0.023471392691135406
0.023452196270227432
0.023442594334483147
0.02343302220106125
0.023423468694090843
0.023413944989442825
0.023395048454403877
0.023376213386654854
0.02335747890174389
0.02333882823586464
0.023320281878113747
0.023311015218496323
0.02329261600971222
0.023274285718798637
0.023256048560142517
0.02323788031935692
0.023219803348183632
0.023210780695080757
0.023201802745461464
0.023192841559648514
0.02318389341235161
0.02317497320473194
0.023157214745879173
0.02314833737909794
0.02313949540257454
0.023121891543269157
0.023113107308745384
0.023104362189769745
0.023086940869688988
0.023069584742188454
0.023052304983139038
0.023043686524033546
0.02303510345518589
0.02301798015832901
0.023009445518255234
0.022992467507719994
0.022975537925958633
0.02295868471264839
0.022950293496251106
0.02294192463159561
0.02293357439339161
0.022916926071047783
0.02290034480392933
0.022883832454681396
0.022867394611239433
0.02285921387374401
0.022842900827527046
0.022834762930870056
0.022826651111245155
0.02281048335134983
0.022794371470808983
0.022778335958719254
0.022762365639209747
0.022746464237570763
0.022738544270396233
0.022730646654963493
0.022722775116562843
0.022707054391503334
0.02269139140844345
0.02268359810113907
0.02266804687678814
0.022652553394436836
0.022644847631454468
0.022629475221037865
0.022614145651459694
0.02259887382388115
0.022583674639463425
0.022568542510271072
0.022553473711013794
0.02253846637904644
0.022530999034643173
0.022516101598739624
0.022501245141029358
0.022486453875899315
0.022471720352768898
0.022464394569396973
0.022449763491749763
0.02244248054921627
0.022435223683714867
0.022427979856729507
0.022413495928049088
0.022406287491321564
0.02239910513162613
0.02239193208515644
0.022377610206604004
0.022370480000972748
0.022363366559147835
0.022349152714014053
0.022334972396492958
0.022327929735183716
0.022320903837680817
0.022306857630610466
0.0222928524017334
0.022278910502791405
0.022271977737545967
0.022265061736106873
0.022258158773183823
0.022251266986131668
0.022244388237595558
0.02223064750432968
0.02221694029867649
0.022210121154785156
0.02220332808792591
0.022189736366271973
0.022182976827025414
0.022169478237628937
0.022156020626425743
0.022149326279759407
0.022135961800813675
0.022129302844405174
0.022115997970104218
0.02210938185453415
0.022102784365415573
0.02208957076072693
0.02207641862332821
0.022069871425628662
0.022063342854380608
0.022056829184293747
0.022043805569410324
0.022037323564291
0.02202438935637474
0.022017942741513252
0.022011512890458107
0.021998656913638115
0.021992255002260208
0.02198587916791439
0.02197951264679432
0.021966777741909027
0.021960441023111343
0.021947763860225677
0.02194146253168583
0.02192886359989643
0.021916311234235764
0.021910062059760094
0.021897584199905396
0.02188514731824398
0.021878954023122787
0.02186659909784794
0.021854273974895477
0.02184199169278145
0.021829748526215553
0.02181755192577839
0.021805403754115105
0.021793296560645103
0.021787261590361595
0.021775223314762115
0.021769234910607338
0.021763252094388008
0.021751318126916885
0.021745365113019943
0.021739427000284195
0.021733488887548447
0.02172756753861904
0.02172166295349598
0.021709877997636795
0.021698100492358208
0.021686367690563202
0.021680524572730064
0.021668853238224983
0.02165723405778408
0.021645639091730118
0.02163410186767578
0.02162259817123413
0.021616874262690544
0.021611157804727554
0.021605437621474266
0.021599728614091873
0.02158835344016552
0.021582670509815216
0.02157135121524334
0.021565698087215424
0.021560056135058403
0.02154882438480854
0.021543214097619057
0.02153761498630047
0.021532027050852776
0.02152644656598568
0.021515311673283577
0.02150975540280342
0.02150421217083931
0.021493149921298027
0.021487630903720856
0.021482126787304878
0.021471140906214714
0.021460188552737236
0.02145472727715969
0.021449267864227295
0.021443815901875496
0.02143295295536518
0.02142212726175785
0.021411346271634102
0.02140057645738125
0.02139519900083542
0.021384507417678833
0.021379167214035988
0.021368518471717834
0.021357901394367218
0.021347319707274437
0.021336769685149193
0.02132626250386238
0.02132100611925125
0.02131575345993042
0.02131052501499653
0.021305305883288383
0.02130008302628994
0.02128969505429268
0.021284492686390877
0.021274162456393242
0.02126384899020195
0.021258698776364326
0.0212535560131073
0.021243317052721977
0.021233098581433296
0.02122291550040245
0.021217817440629005
0.021207693964242935
0.021197590976953506
0.021192530170083046
0.021182475611567497
0.021177439019083977
0.0211724191904068
0.021162426099181175
0.021152472123503685
0.02114253118634224
0.021132636815309525
0.021127672865986824
0.02112271822988987
0.02111777663230896
0.021112840622663498
0.021107913926243782
0.021102987229824066
0.021098067983984947
0.02109316550195217
0.021083423867821693
0.021073704585433006
0.02106400951743126
0.021059151738882065
0.02104952186346054
0.021039897575974464
0.021035069599747658
0.021025506779551506
0.021020706743001938
0.021011177450418472
0.021001674234867096
0.020996904000639915
0.020987454801797867
0.020978016778826714
0.02097327634692192
0.020968550816178322
0.020959172397851944
0.020949823781847954
0.02094513177871704
0.020940447226166725
0.02093115635216236
0.020921895280480385
0.020917242392897606
0.020908014848828316
0.020903373137116432
0.020894188433885574
0.02088957279920578
0.020884959027171135
0.020880358293652534
0.020875761285424232
0.020866675302386284
0.020857587456703186
0.020853016525506973
0.020843982696533203
0.02083497866988182
0.020830437541007996
0.020825909450650215
0.02081693895161152
0.020808015018701553
0.020799098536372185
0.020790208131074905
0.02078135497868061
0.020776890218257904
0.020772427320480347
0.020767977461218834
0.020759185776114464
0.020754752680659294
0.020750321447849274
0.02074590139091015
0.020737163722515106
0.020732754841446877
0.020724065601825714
0.02071966975927353
0.020711015909910202
0.02070237696170807
0.02069377340376377
0.020685166120529175
0.020680828019976616
0.020672272890806198
0.02066374570131302
0.020655227825045586
0.02065093070268631
0.02064664661884308
0.020642366260290146
0.020638080313801765
0.0206296443939209
0.020625373348593712
0.02062111720442772
0.020616872236132622
0.020612627267837524
0.020608384162187576
0.02060413919389248
0.020595794543623924
0.020591577515006065
0.0205832626670599
0.020574962720274925
0.020566701889038086
0.02056252211332321
0.020558346062898636
0.020550120621919632
0.020545950159430504
0.02054179273545742
0.020537646487355232
0.020533498376607895
0.02052534930408001
0.02052121050655842
0.020517081022262573
0.02050897479057312
0.02050486020743847
0.020496780052781105
0.020492682233452797
0.020484644919633865
0.020476609468460083
0.020472537726163864
0.02046452835202217
0.020456558093428612
0.02045251801609993
0.02044457010924816
0.020440535619854927
0.020436502993106842
0.020432481542229652
0.020428471267223358
0.020420588552951813
0.020416582003235817
0.02041258104145527
0.02040858566761017
0.020404597744345665
0.02040061540901661
0.020396634936332703
0.020388824865221977
0.020384863018989563
0.020377105101943016
0.0203731469810009
0.02036920189857483
0.020365267992019653
0.02036132477223873
0.020353632047772408
0.020345931872725487
0.020342014729976654
0.020334353670477867
0.020326703786849976
0.020319078117609024
0.020315198227763176
0.02030760608613491
0.020300019532442093
0.020292462781071663
0.020288612693548203
0.02028477191925049
0.02027725800871849
0.02027343399822712
0.020265936851501465
0.020262112841010094
0.02025829441845417
0.020254483446478844
0.020250678062438965
0.020246880128979683
0.020239459350705147
0.02023567073047161
0.020231887698173523
0.02022450417280197
0.020217129960656166
0.02020977810025215
0.020202448591589928
0.0201951302587986
0.020191386342048645
0.020184095948934555
0.020180368795990944
0.02017664909362793
0.020169390365481377
0.02016567811369896
0.02016197331249714
0.020158277824521065
0.020151058211922646
0.020143866539001465
0.02014019340276718
0.02013651840388775
0.020132839679718018
0.020129172131419182
0.020122038200497627
0.02011490985751152
0.020111259073019028
0.02010761946439743
0.020100530236959457
0.020093457773327827
0.020089827477931976
0.020086204633116722
0.020082594826817513
0.020078981295228004
0.020071962848305702
0.020068366080522537
0.02006477117538452
0.020061176270246506
0.020057588815689087
0.020054006949067116
0.020047038793563843
0.020040087401866913
0.020036514848470688
0.020032959058880806
0.020026033744215965
0.020022479817271233
0.020015589892864227
0.020008718594908714
0.020005187019705772
0.02000165916979313
0.019994817674160004
0.019991299137473106
0.019987788051366806
0.019984280690550804
0.019980773329734802
0.019977277144789696
0.01997048407793045
0.019963717088103294
0.019956953823566437
0.01995020918548107
0.019943486899137497
0.019940024241805077
0.019933322444558144
0.019929874688386917
0.01992318592965603
0.01991652324795723
0.019909869879484177
0.019903237000107765
0.0198966134339571
0.019893204793334007
0.019889794290065765
0.019886385649442673
0.01987980492413044
0.01987640932202339
0.019873013719916344
0.019866466522216797
0.019859926775097847
0.01985654979944229
0.01985318213701248
0.019849814474582672
0.019846446812152863
0.019839951768517494
0.01983659155666828
0.019833240658044815
0.019826771691441536
0.0198203194886446
0.01981387473642826
0.019810548052191734
0.019804134964942932
0.019800812005996704
0.019794423133134842
0.01979110948741436
0.019787801429629326
0.019784511998295784
0.019778141751885414
0.019774844869971275
0.019771551713347435
0.01976826973259449
0.019761940464377403
0.019758664071559906
0.019755396991968155
0.019752128049731255
0.019748860970139503
0.0197455994784832
0.019742339849472046
0.019736072048544884
0.01972980424761772
0.019723568111658096
0.019717345014214516
0.0197141095995903
0.01970791071653366
0.019704686477780342
0.019701465964317322
0.0196982491761446
0.019692087545990944
0.01968887634575367
0.019685667008161545
0.019679535180330276
0.019676338881254196
0.019673146307468414
0.01966995745897293
0.019666772335767746
0.019660649821162224
0.019654560834169388
0.019651388749480247
0.019645312801003456
0.01963924430310726
0.019636085256934166
0.019632937386631966
0.019626891240477562
0.01962374709546566
0.019617723301053047
0.019614581018686295
0.01960858330130577
0.019602596759796143
0.019599473103880882
0.019593503326177597
0.01959039643406868
0.019587285816669464
0.019584178924560547
0.0195782370865345
0.01957513764500618
0.01957203820347786
0.019568946212530136
0.01956585980951786
0.019562773406505585
0.019559688866138458
0.01955661177635193
0.0195535346865654
0.01955045387148857
0.019547386094927788
0.019541524350643158
0.019538462162017822
0.019535405561327934
0.019529562443494797
0.019526507705450058
0.019520673900842667
0.019514866173267365
0.01951182633638382
0.01950603723526001
0.0195002518594265
0.019497225061058998
0.019494205713272095
0.01949119195342064
0.019488180056214333
0.019485168159008026
0.019479427486658096
0.019473694264888763
0.0194706954061985
0.019464977085590363
0.019461985677480698
0.019456304609775543
0.019450612366199493
0.019444936886429787
0.019439280033111572
0.019433630630373955
0.019427983090281487
0.019422363489866257
0.01941673830151558
0.019411128014326096
0.019405532628297806
0.019399944692850113
0.019397007301449776
0.019394079223275185
0.019388515502214432
0.019382959231734276
0.019377417862415314
0.019374502822756767
0.01936899684369564
0.019366087391972542
0.019360585138201714
0.019355082884430885
0.01935218833386898
0.019349297508597374
0.019343828782439232
0.019340937957167625
0.019338058307766914
0.01933259889483452
0.019329724833369255
0.019326847046613693
0.019321415573358536
0.019315991550683975
0.01931057870388031
0.019307725131511688
0.019302330911159515
0.01929694041609764
0.019294099882245064
0.01928872801363468
0.019285893067717552
0.019283056259155273
0.01927771233022213
0.019272366538643837
0.01926954835653305
0.019266730174422264
0.019263911992311478
0.019258586689829826
0.019255779683589935
0.01925046369433403
0.019245173782110214
0.019239896908402443
0.01923462189733982
0.019229358062148094
0.019224107265472412
0.019218863919377327
0.019216088578104973
0.019210858270525932
0.019205644726753235
0.019202876836061478
0.01919766701757908
0.019192475825548172
0.01918729394674301
0.019182104617357254
0.019176945090293884
0.01917419768869877
0.01917145773768425
0.019166303798556328
0.019161168485879898
0.019156040623784065
0.01915331371128559
0.019150592386722565
0.019145477563142776
0.019140373915433884
0.01913766749203205
0.019132578745484352
0.0191274993121624
0.019124802201986313
0.01911972649395466
0.019114675000309944
0.019109629094600677
0.01910693757236004
0.01910424791276455
0.019101567566394806
0.019096555188298225
0.019091539084911346
0.0190888624638319
0.019083868712186813
0.019081195816397667
0.019076215103268623
0.01907356269657612
0.019070908427238464
