1.057936191558838
1.0277578830718994
0.9986627101898193
0.9706389307975769
0.943666398525238
0.5099112515283992
0.26788483632022625
0.2188011269211023
0.056706714850907974
0.04594916903390925
0.022129432924849007
0.0829648299884255
0.13117513052422355
0.05774284620847795
0.05093093132802768
0.01984594122314782
0.019246756389657598
0.018561824523180556
0.031799197807541514
0.01237754285736405
0.019455271438880605
0.022741989329449794
0.021039071456945967
0.09455534619038568
0.009028664586198455
0.008184406497918144
0.07756539703585358
0.013244158882132878
0.009091818107249985
0.01372998461173946
0.016512203825963977
0.015723839420847003
0.0073802508635498225
0.006174366732925747
0.035169731580781884
0.005804797295694837
0.004939876957627982
0.0096827583888134
0.0242420261145372
0.02605730033110311
0.007266455443770542
0.07442165944273482
0.0043316166117826115
0.004183829587661704
0.004839422799452397
0.007387122291504332
0.004315752461623909
0.007651018030625185
0.012964188035515448
0.003680252178337242
0.002336264296615311
0.02134330413254042
0.006386424416908744
0.003543201259819064
0.0029230603595933897
0.005415143001954472
0.010259027520027574
0.004749585153713859
0.0033915159456607575
0.003996797346074337
0.005650904424413272
0.004889525440513422
0.016175381695124672
0.010525221703082477
0.003976624240993284
0.003382124324350426
0.009338767601247999
0.004088480869605948
0.0023595015191895507
0.02491435120110741
0.007988646259181737
0.0029854125856708107
0.0028120817747553464
0.004833620251580088
0.01843156865914434
0.0026330138034433345
0.0034507540042425216
0.0028563599995010875
0.0030380630085588534
0.013686990779414855
0.0030029674100259746
0.0020762790139488584
0.0072940130917794315
0.0032315349205068893
0.00235786080514956
0.0019174932164508932
0.01300012063993844
0.003361778914442928
0.0020988572055747143
0.015655674902364067
0.0021700127368101075
0.001828290761020783
0.003080532136785959
0.002984250672404775
0.0022745152184593
0.004932440249364825
0.028861758376528403
0.003171133102487117
0.0023163388965374873
0.004232551947244256
0.002757329506112909
0.004351270972229347
0.005219197788793093
0.011737932368757231
0.0022962797090813874
0.0016849153181261087
0.0016871928912602849
0.00139770604735125
0.030037612590367767
0.0016201749470421158
0.0014383557808177346
0.003442434639931373
0.0040735563868364326
0.002102887108117073
0.0019142050139568589
0.003175481579520827
0.001910535233790374
0.0075403080775736115
0.0015281077239238585
0.00136381343218333
0.02057991788459352
0.0033994409552764553
0.0016182658857201795
0.001952862634352526
0.0024555653858862854
0.003354632661269335
0.0028414554465099806
0.0023377366282918933
0.0014870577052547124
0.0010643099127592523
0.006564776328405182
0.010859987498519075
0.0011079983784377538
0.0011309263836326371
0.012302718944251691
0.001969369521153163
0.0014185560175321134
0.0008004229401252416
0.0018761694793443312
0.0010495568077471113
0.0013095952889195582
0.007056396851740801
0.001329143514703052
0.000721114750611328
0.006489398107947024
0.0009365115142122077
0.0013899686369345438
0.00146605497121277
0.0007377218888358565
0.0010472395665754059
0.0016661201820804383
0.0011215770378131418
0.0011035292149637638
0.008699088415845964
0.001216341149136959
0.0008402207645561812
0.0008242278930733821
0.0007367453571339234
0.011472788800589457
0.0008831164020116222
0.0006065780347078542
0.003927558138107586
0.0027664580881834756
0.004826900904918915
0.000612091206839339
0.0010733523491803642
0.0014023872594879107
0.0011133906288592844
0.0032653393794015227
0.0007273436183789631
0.0012032798811194537
0.05262766840127043
0.0013626012579466336
0.000952836062078006
0.0007203085417064922
0.0032276418721022063
0.0013180742889093873
0.0006968837581934412
0.0011075963860322274
0.0007562429151009782
0.0006961299494063866
0.0006519002825430137
0.0016584440374268115
0.0008647170842210742
0.0025212759616847985
0.0007197484763489195
0.00910317043527047
0.001079702894142125
0.0006551293546031103
0.0013653909653233837
0.0007751728661554579
0.0013369383109075985
0.0018197437315978062
0.0010840187506010472
0.0010604826217953179
0.0005816426025863751
0.0010322812611062216
0.0010222580438798313
0.0017472720948503214
0.008262989084230484
0.0009088996480111822
0.0007119694574299654
0.0021965953027585864
0.00541427801267144
0.0005920659786681097
0.000581260753146988
0.0028674385353577993
0.0014673975023737267
0.0005469150927714781
0.0006766688499765105
0.0006696896294459082
0.0036170102018675426
0.0006498100521848351
0.0005061041510862461
0.0033539887966674542
0.001001045612711811
0.0005269400835085715
0.0036867041487967578
0.0014672923875485638
0.0007531325160660623
0.0005975806346889521
0.0007541653308159263
0.0017720810656833919
0.0010086063430490512
0.0005225963337839906
0.0009151265364836378
0.0013052709126481253
0.0019539949702180744
0.000932755906278429
0.0004990538941694587
0.00045296145926878315
0.0010207361242021023
0.001319516703545198
0.0007802546832574995
0.0011167234300030935
0.003144087968824323
0.00045841239208840005
0.0003675945397143303
0.00035334101730032666
0.0003354475634677683
0.0004098822539335829
0.0011753214215379168
0.00037363922129313415
0.0003450227063270187
0.00032882068823508477
0.0003631919813345144
0.0002588982663156454
0.0003844901780812681
0.0019083299052593437
0.0003160667106621582
0.0002208187277050534
0.0002468801595964069
0.0009274640837142481
0.000255405855891274
0.0002582041780740123
0.0025928080474151615
0.00030498118501124066
0.0002543911266053749
0.00027134527506499914
0.00028447566224590174
0.00029126206542157525
0.00041762174400396566
0.001343887697881353
0.0005956346491654106
0.0002327288930246829
0.0001701562280066773
0.00014891202696846168
0.0001765383373741519
0.00021339891215668122
0.021238566892328253
0.000405037468357899
0.00031128094779694817
0.00015381709010572585
0.000280301753125874
0.001662645339751288
0.0002806472310090383
0.00013498172987182086
0.0008403601101452859
0.00022236237888304813
0.00015329484104320207
0.00030781253004750586
0.00014412009438988008
0.00032232626045380474
0.0001327155385619145
0.00026182667639778305
0.0002872884810071672
0.00021741524265345459
0.0010018092221342491
0.00018171938095363463
9.827157038687274e-05
0.00019453541594232108
0.00019971260392262654
0.00024788652838226487
0.0001249080104746812
0.0001059121136557889
0.0017242036687985223
0.00021011404705178176
0.00014147895406630039
0.00016343702489197113
0.00017691905622768979
0.00015648884941808525
0.00047714200836064833
0.0014272647321848513
0.0013886383852576949
8.356021757427388e-05
7.668509543807487e-05
0.00011452943810924467
0.0001130117263409293
0.00016419513682042075
0.00025230598455226413
0.00021012157577649526
6.115763922944529e-05
8.095467401299068e-05
7.655647256851522e-05
8.654981007998802e-05
0.00016140870963027995
0.0023912537482526936
0.00021593457523837807
9.293372128408315e-05
9.330057257300963e-05
0.00011564653396341009
0.00014944851780637332
9.574205568900372e-05
0.0002131466825240798
0.0007523454277145062
9.955020215762145e-05
8.26028473357365e-05
6.631483112356056e-05
6.49650412782214e-05
0.001468182821153329
8.065437437648472e-05
0.0005765603639347008
7.774715391829182e-05
6.146093999283561e-05
8.066903024774491e-05
9.139260704106826e-05
0.0001598328054300392
0.000101702741394976
0.0001943858898585884
0.0008534097617642794
7.250517717077336e-05
6.150226796894435e-05
5.332950875857115e-05
5.322088896435373e-05
5.55971945583449e-05
0.000361334826358063
0.00048225575871535157
0.00013977631247638015
5.063044650209998e-05
6.937744682164243e-05
8.488975863686327e-05
0.0001230949874636239
8.544585095545961e-05
0.0005754203747615398
6.937484317230618e-05
0.00011486011884568086
6.871730195352604e-05
0.00017163595343889043
8.56514635052214e-05
0.000113630489529863
0.0005585619734100595
0.000131960928771462
9.254575057535818e-05
0.00016589312446505325
0.00010530671377814225
0.00012146590842503001
0.0005190179176325603
8.174288860161837e-05
5.814907861894379e-05
0.0003857852220546389
8.476813136213798e-05
6.709277314181892e-05
0.0004201714391780438
0.00010386898434887285
4.792721364706737e-05
0.00022073003628391216
8.18711632751748e-05
5.314679209937669e-05
7.498233229622807e-05
8.728416778402767e-05
0.00031611762942364936
0.0001031105055515686
4.546765752306321e-05
0.00010660992033307026
6.130346152183036e-05
3.3619270038212316e-05
0.00038935848263260816
6.569596461786802e-05
0.00015850324609031606
5.9153704430628555e-05
6.820941798804264e-05
9.048303719377075e-05
0.00012198428994441809
0.0002086090206562704
8.992169527716449e-05
7.215385102082714e-05
0.0005060241985728061
5.7239564729129886e-05
4.972637535098712e-05
9.843992810217049e-05
0.00041005611937241956
6.89916463622786e-05
4.8475819469210946e-05
6.710618219778372e-05
5.323272300915431e-05
0.0005593950727434551
7.141476068998427e-05
9.080157592469642e-05
5.357720362673906e-05
4.4811195081721354e-05
5.628712961061221e-05
8.61845877257269e-05
0.00010948491719241513
0.00029874965421824285
5.6724492310370965e-05
0.0001359911212406848
4.945045447810037e-05
4.306385965735029e-05
0.00010066254441668486
0.00014626714118504163
7.947642756512104e-05
0.00025069964178390966
7.412520040798906e-05
7.779238753265819e-05
0.00011433968276093652
0.00012108010664968917
0.0004039437982453071
8.642270626142531e-05
4.0823510649187505e-05
0.00036903482802146104
0.0001058135510338204
6.980979610010212e-05
6.545616132243412e-05
7.240962565599571e-05
0.00012960038911255658
3.873885321663376e-05
4.589829838122758e-05
4.497301760387541e-05
0.00020657507037729906
6.575319061178935e-05
3.396145366569216e-05
4.2145985839194625e-05
4.285947553575687e-05
7.360891401740877e-05
0.00013915318794242173
0.0002683897791075189
3.297662914673166e-05
2.6422815731471526e-05
2.8639131898161865e-05
2.5986631764180515e-05
2.6698206056800984e-05
0.00012499995178928225
0.00016276317969556316
2.3946740316860502e-05
2.086394661243224e-05
7.17086932574523e-05
8.551486553838246e-05
4.482379904796341e-05
5.9514592362638595e-05
4.2707615666579326e-05
1.963618861555105e-05
1.520563850719973e-05
2.5306635598435e-05
2.8385341851689768e-05
3.756199150547417e-05
7.359993049533795e-05
6.159035500434204e-05
1.577048562133374e-05
1.2696518344350733e-05
1.695400960363128e-05
1.1042376738575749e-05
0.00011416348034855122
1.7415048864881656e-05
1.731515059433916e-05
0.0001968371830758281
1.4147204188923984e-05
1.2746292311877538e-05
2.348279811586482e-05
1.8370704627258717e-05
1.2362513113038623e-05
1.2743161116099274e-05
8.630439644759671e-06
2.460699022975971e-05
6.951747565573895e-05
1.302053991727022e-05
8.929728467440057e-06
1.780321158583169e-05
1.2318905823121843e-05
1.2701732405270433e-05
1.1632601922079027e-05
0.00014725872621818863
1.6681324020251895e-05
1.0499753135579746e-05
1.008260914574303e-05
1.3627248182367415e-05
1.6931546078176206e-05
1.7984657421301564e-05
3.130224944237202e-05
1.3520988392636809e-05
8.071498021899752e-06
8.318384616232525e-06
1.458639883542516e-05
5.9854373586193925e-06
4.301911612827041e-05
8.176115144590408e-06
2.7476486341081318e-05
8.302594855215866e-06
6.381397537483802e-06
1.816343657496534e-05
1.4652580306548884e-05
6.261550908700854e-06
9.379177082795131e-06
4.220075735072706e-05
8.241080760010991e-06
6.536317313237054e-06
1.4655535091803782e-05
1.1382221582583493e-05
4.543695165392605e-06
4.331085158481113e-06
0.00011736408084277122
8.516021890898097e-06
7.0919832866449425e-06
6.656513705887362e-06
4.9809312440082606e-06
2.0032319182043447e-05
5.160596244774163e-06
9.063182804279848e-06
3.4098352344815493e-06
1.6685723529334702e-05
1.106602722991219e-05
1.0542616557288231e-05
4.108214006066041e-06
4.7378965439578975e-06
1.8509750168921958e-05
1.832245115804113e-05
8.199534892288005e-06
5.047992836822404e-06
7.480459463043524e-06
9.680675806447193e-06
9.785465792749149e-06
1.8500062168637567e-05
7.183834581344708e-05
5.862658361301829e-06
7.654587310417152e-06
6.1299155024559545e-06
5.248107599018686e-06
5.111707094196743e-05
6.347136362955804e-06
4.279292140973795e-06
1.1461013366471362e-05
6.739595020991663e-06
8.94012851298634e-06
1.343165533900809e-05
7.36746300291599e-06
1.181076008638264e-05
6.971232931891002e-06
1.0936220031485233e-05
1.7802112325146868e-05
6.199923759678827e-06
4.714029840960086e-06
5.430585506898476e-05
5.02529538958347e-06
9.666760131998837e-06
1.0696104858663132e-05
7.851331334852662e-06
7.259384478851239e-06
1.0934553153590858e-05
1.6614265684259797e-05
1.6333846706682144e-05
1.3076214519917033e-05
3.316614944755968e-05
5.929058603143788e-06
7.209521760044763e-06
5.258304461325416e-06
7.87299619002369e-06
1.6614325014988017e-05
6.679747953956572e-06
6.380035048364712e-06
2.6815657049615613e-05
4.720345825199217e-06
4.078882208487387e-06
1.7611639762176332e-05
6.444605596208994e-06
4.042871233175966e-06
1.3704013577056862e-05
4.6806396600284205e-06
4.991182953161373e-06
7.66929712617348e-05
6.97786150496881e-06
4.6642204763642906e-06
4.748718122837581e-06
4.532067427654061e-06
1.1359963975655305e-05
5.220502993501542e-06
3.4935423812771483e-06
3.4687426156113105e-06
2.981276900007428e-05
6.641426092176575e-06
3.5451142614166425e-06
1.2125174143345821e-05
8.239051821620107e-06
3.6581611072189305e-06
5.355142509646046e-06
6.98235531847821e-06
1.2102245652139845e-05
2.256260671198633e-05
4.052495820642192e-06
3.826400954804251e-06
3.3775283640065906e-06
2.3183675004619045e-05
5.216133955785656e-06
2.7229783477258466e-06
4.119282490820602e-05
3.490943294524958e-06
7.777366953043496e-06
2.9039028084883266e-06
5.6682450772086294e-05
7.362658844227208e-06
4.8492496098093535e-06
4.101598708515567e-06
4.691747426423152e-06
4.313509286528072e-06
8.15552947085536e-06
4.28633201332328e-06
3.0280700354187812e-06
1.2727334418042407e-05
2.04962705027598e-06
4.681537064262136e-06
4.681537064257964e-06
3.79312257964034e-06
3.793131977288724e-06
3.7931319772810375e-06
3.7931305861408314e-06
3.79311629876778e-06
3.7931635861759573e-06
3.7931635861679465e-06
0.00010540253944598569
0.000162307478513959
0.00031336639490850497
0.0004917058333644228
6.740343814156401e-06
3.6714345570084166e-06
1.6387650107787056e-05
1.9838436494829853e-05
2.722593111885965e-06
2.722593111885978e-06
2.722460927298978e-06
2.7224683356635917e-06
2.7224591201717572e-06
2.7224591200937404e-06
6.79985064209683e-06
1.0990960647144396e-05
5.266499129823812e-05
0.00011798466337948191
3.1042217042686787e-06
3.0787499275774874e-06
4.68504483957267e-06
1.4073424546295893e-06
1.407342454629511e-06
1.4073424525857145e-06
1.4073438409618852e-06
1.4022328772917019e-06
1.4022961062806095e-06
1.4022961062794482e-06
1.4021511706872315e-06
1.4023354578884354e-06
1.4007516765759134e-06
1.4022106874409887e-06
1.402210687436422e-06
1.4182872620132277e-06
1.4173605223576854e-06
1.4173605223573322e-06
1.4171791036511478e-06
1.4211495441438882e-06
1.4211495162218878e-06
1.4233271948268047e-06
1.4177215420270826e-06
1.4177215420265985e-06
1.4173695222454623e-06
1.4173694229808754e-06
1.4196028525068282e-06
1.4196028525058164e-06
9.695179516371885e-06
9.897023641560138e-05
5.7342288865974336e-06
4.416790500359354e-06
1.596416221332024e-06
1.596416221331208e-06
1.5964794176205974e-06
1.5960269439674756e-06
1.595907617180298e-06
1.5959076171455154e-06
1.4603699886405532e-06
1.459246559150781e-06
1.4592465338890012e-06
1.4574932044846027e-06
1.4573618997404082e-06
1.4575017350725186e-06
1.4574573311736351e-06
1.4574925581166836e-06
1.4574925581142056e-06
1.6313125368976069e-06
1.6313125368855942e-06
1.6239354696069402e-06
1.6239353896699662e-06
1.6239670971399936e-06
1.6239638773240098e-06
1.623963877322103e-06
1.6240997832818307e-06
1.6240997832512554e-06
1.538308452575631e-06
1.5383295457614442e-06
1.538329545712431e-06
1.4065233586124404e-06
1.406458764149349e-06
1.4064587634823677e-06
1.1829151353497035e-05
2.8961021310518206e-05
1.0016965670762708e-05
4.5894200218053133e-05
1.5466963685164581e-06
1.5466838214884382e-06
1.5466244103533474e-06
1.5466244103057086e-06
1.5456635450056951e-06
1.5513013440032927e-06
1.5513013440028635e-06
1.5512948134238595e-06
1.5512985459350509e-06
1.5512985457790054e-06
2.4367621035452948e-05
7.906520198711524e-05
2.121644973814981e-05
0.00013303818145673287
1.540365146540634e-06
1.5403651465381267e-06
1.5387786366713278e-06
1.53807523459076e-06
1.5380152175196297e-06
1.538015160440691e-06
1.5379916014847325e-06
1.5379916013874787e-06
1.5375214899868713e-06
1.53751215417953e-06
1.5374968695448585e-06
1.5374968695446052e-06
1.5374950880941914e-06
1.5362920645559588e-06
1.5362920644738478e-06
5.121245962191718e-06
0.00033937837394719454
1.1038770167451673e-06
1.1061654878153306e-06
1.1061654878151573e-06
1.106076616020724e-06
1.1060766160193314e-06
1.1060766154979506e-06
1.1055278652701345e-06
1.1055279054461568e-06
1.1055099376858068e-06
1.1055420671736414e-06
1.1055420671729312e-06
1.1022403715297097e-06
1.102196014325743e-06
1.102196014324698e-06
1.1020175735011287e-06
1.1069902974086479e-06
1.106986069907994e-06
1.1073099273362514e-06
1.1073099273262886e-06
9.619439458323864e-07
