0.6931471805599227
0.6821147769950816
0.4816990577374347
0.3891155699264739
0.3443443598620312
0.3030944003638276
0.28201491880337065
0.2676073467749178
0.2596502349520705
0.2543351098825776
0.25039056033781465
0.24726591406707552
0.24351437664201384
0.24062351067095508
0.23721735014051154
0.2346118093698978
0.23151330986613858
0.22909136830700666
0.22772749170725282
0.22688262526334185
0.22436017799662605
0.22387590634456606
0.22078515637746332
0.2196436639656466
0.21929214382287243
0.21586561786065117
0.21559035567365054
0.2128535424931139
0.2126260227390813
0.20932387791145093
0.20911187752766294
0.20793246994220008
0.20775991057303858
0.20617900975464265
0.20601388604525792
0.20465296702389074
0.204485257736485
0.20393246028933426
0.2038116416588905
0.2021085171544732
0.20196397036137495
0.20152082720510886
0.20141906066520948
0.2004776690345824
0.20037162779311263
0.19979962415189811
0.19970382348033264
0.19916159254622676
0.19907457991316518
0.19832310652053828
0.19822337847309698
0.19790659141310268
0.1978332831157847
0.19715480811109146
0.19707332979748227
0.19678700513217437
0.19672314934399499
0.19582348567691016
0.19573147823568113
0.1955623363994353
0.19550784723631834
0.1946949164024128
0.19462418610482393
0.19440104495730343
0.19434772705055853
0.19386730391928453
0.19380343518082077
0.19359755166361747
0.19354858796243649
0.19310474627745866
0.19304572819107885
0.19285509734054013
0.19280955941289585
0.19239836311061428
0.1923427112835354
0.19216567851799451
0.19212283212661696
0.1917410639997149
0.19168756294513214
0.19157451263667277
0.19152181182600167
0.19071456850406782
0.19065369570555019
0.19058460055005638
0.19048415652351067
0.19043697377876284
0.18971666950113028
0.18966187872215434
0.18959974949596015
0.1895094278220296
0.1894669659528702
0.1888153629771121
0.1887679905917562
0.18871169324654638
0.18862965748168448
0.1885913007721119
0.18772017927598758
0.18765885968552115
0.1876349445470297
0.18728159100500652
0.18724526008303563
0.18719792781004543
0.1870963955839967
0.18707223534356418
0.18685218366666168
0.18682090521556538
0.1867548636390785
0.1867236843461021
0.18601615659591367
0.18596724535532994
0.18594761846535648
0.18565734817030038
0.18562706948287483
0.18558788711784194
0.1855039509227825
0.18548384759435024
0.18535942492942617
0.1853387403654079
0.18521762698575947
0.18519615161115469
0.18511549913797692
0.18509693883720973
0.18492137271411455
0.18489786642299683
0.18484525897101264
0.1848205865069062
0.18424805807697517
0.18421575913442523
0.18419292253021163
0.18341714794614425
0.18336810761061603
0.1833529570299942
0.18321309092362645
0.18319302978502733
0.1831507280478352
0.18313061874588016
0.1824536335623476
0.18240897570492418
0.18239545843346075
0.18231137465877326
0.18229726985758068
0.1822153785509395
0.18220036245574117
0.18214557578934307
0.1821326246209502
0.1820513103301864
0.18203778411393992
0.1819585011255517
0.1819441474821542
0.1818911565481515
0.18187868499447457
0.18176365351134813
0.18174690642378594
0.18171198742283046
0.1816953112213113
0.18113053385468275
0.18109660439980035
0.18108542146902454
0.18098229252575881
0.18096716911081387
0.18094569281312167
0.18089924542764893
0.18088858919856854
0.18078742900669767
0.18077345720175791
0.18074284638881508
0.18072835613655786
0.1802276728114229
0.18020300208755236
0.18019341849950712
0.18010144735750871
0.18008899939229114
0.18006119185549244
0.1800480633102027
0.1793788862889548
0.17934218993745255
0.17933265490744763
0.1792958071784964
0.17928730457368885
0.1792070896731163
0.17919575324768938
0.1791713805693177
0.1791597643638593
0.1785711427548414
0.17853815103647636
0.17852965272761778
0.17849697159860897
0.1784894003308614
0.1784183578622216
0.17840810149213426
0.17839327037297328
0.1783611342753047
0.17835384082217717
0.17828368819646256
0.1782741477935098
0.17825287782110674
0.1782428024445586
0.17772343534849497
0.17769929326781783
0.17769211769809873
0.17764985288542118
0.17764205600998953
0.17761371550836288
0.1776068802087553
0.17756478575746387
0.17755745814673915
0.17752930232010153
0.1775227484403474
0.1774615816888125
0.17745260458922688
0.1774397789963223
0.17741202315761104
0.17740570076463516
0.17734519347161876
0.17733678620640203
0.17731838187707455
0.1773096282285597
0.17685701094664105
0.17683770653941672
0.17683151577211675
0.17679448976143017
0.17678775516055503
0.17676292364843382
0.17675698243365381
0.17672011202447738
0.17671372433087026
0.1766890508012287
0.1766833204595673
0.17662973535425272
0.1766218439476583
0.1766105852114495
0.17658622427613854
0.1765806818218237
0.17652754216007716
0.1765201736837002
0.17650400010639322
0.1764962991586455
0.17591077458736312
0.17588095499581918
0.17587461929499915
0.1758600347132241
0.1758531533393694
0.17531908867764195
0.17529774386044236
0.1752923773087768
0.1752791091209826
0.17527004765985246
0.17525059300086263
0.17524605811382712
0.17521713906219447
0.17521228872366587
0.17519295438824176
0.17518853508514046
0.17514641677329346
0.17514043543498906
0.17513161746647019
0.17510360306788572
0.1750984980099204
0.1750797061564253
0.17507517641859022
0.17504727462865216
0.17504236324703978
0.1750236749954317
0.1750192681262988
0.17499149522408625
0.17498675558249865
0.17496817510315232
0.1749638782182918
0.17492349951786557
0.17491756831468638
0.17490906165128384
0.17489065422323583
0.17488648727273973
0.17484633893971077
0.1748407592732672
0.17483237798128484
0.17480565980102106
0.17480088000380542
0.174782965818517
0.1747787032896927
0.17475210108442654
0.17474748858225764
0.17472967262624697
0.1747255129787602
0.1746990427751923
0.17469457573131558
0.17467686715500347
0.17467280284773756
0.174634278434333
0.17462871328181104
0.17462061703426043
0.17459495252489043
0.17459023925466996
0.1745784458856004
0.17457039760432755
0.17455306978772575
0.17454908063203495
0.17451141880773546
0.17450591601447643
0.1744979845206939
0.1744728827142231
0.17446823697669178
0.17445669094614843
0.17444880714587052
0.1744318441650731
0.17442792577852423
0.17440271497382706
0.1743985210063171
0.17438165984251777
0.17437782589843967
0.1743410899557509
0.1743359007560062
0.17432820569153826
0.17430373007623715
0.17429931095901294
0.1742828910230275
0.174278954548618
0.17425458240338398
0.1742503018219875
0.17423396851602987
0.1742301210720698
0.1742058591027422
0.17420170694568754
0.17418546306076774
0.1741816986418827
0.17415755703418567
0.17415352008646293
0.17413737122791537
0.1741336812891236
0.1740985290518011
0.17409349744258834
0.17408611435400095
0.17406267665032868
0.1740584085782895
0.1740426799115173
0.17403888459921532
0.1740155427908133
0.17401140521688943
0.17399575532403042
0.17399204441916333
0.17396880667751588
0.1739647868743518
0.1739492205385761
0.17394558660707177
0.1739224572917585
0.1739185442000326
0.17390306485409998
0.17389950260470594
0.1738658702946432
0.17386093882158207
0.17385384305192972
0.17383139565884453
0.17382724499165508
0.173816916283746
0.17380986007515672
0.17379466995184373
0.17379117891247203
0.17375816789816254
0.17375334104367507
0.17374637914453495
0.17372434431630504
0.17372028103076598
0.1737101449687924
0.17370322122814358
0.1736883114357103
0.17368489058385816
0.17365246957963779
0.17364775544992064
0.17364092296290248
0.173619282613999
0.1736153080133512
0.17360535691792925
0.1735985610654304
0.17358391998035272
0.1735805700613275
0.17354871584361004
0.17354411225654112
0.17353740703806378
0.1735161417051766
0.1735122581635955
0.17350248766391987
0.17349581911980244
0.17348143455594467
0.17347815176236722
0.1734468393529406
0.17344235419960236
0.17343577102854865
0.17341486656608432
0.17341107473379117
0.17339704439789624
0.1733936617027378
0.1733728470111881
0.1733691504662233
0.17335518993594146
0.1733518723761311
0.17333114980256956
0.173327538781561
0.17331365239415006
0.17331039311209118
0.17328976647015681
0.1732862390356918
0.17327242557232744
0.1732692192433724
0.1732486944231019
0.17324524526574955
0.17323150695325676
0.17322835489968139
0.173198492838336
0.1731941345095757
0.17318783140223468
0.1731678797940136
0.17316421579659147
0.17315503885456243
0.173148770533793
0.17313525823423392
0.17313217424800284
0.17310276652229495
0.17309854101016633
0.17309234973743556
0.1730727029601376
0.17306913684998512
0.17306011302180774
0.17305395755736763
0.17304066176439398
0.17303764292045684
0.17300867334974032
0.17300457962562693
0.1729984963330501
0.17297914668743736
0.17297567694943994
0.1729626961176551
0.17295958613655457
0.17294032041704355
0.17293692432090138
0.17292400754695983
0.17292094928456528
0.17290176997939796
0.17289844611780597
0.17288559653574817
0.1728825844325309
0.17286349788422767
0.1728602388252984
0.1728474536674004
0.17284448828270293
0.17282549342575118
0.17282229509747826
0.17280958027006751
0.17280665877949203
0.1727877575215617
0.17278461781048418
0.17277197381562256
0.17276909017395387
0.1727415629229327
0.1727376144745377
0.17273182027363412
0.17271341943846125
0.17271008990159767
0.172701641815892
0.1726958774652608
0.1726834188873574
0.17268060121261306
0.17265343705114708
0.17264963360420468
0.17264393344629914
0.17262578278686924
0.1726225529041384
0.17261037783696942
0.1726074751074138
0.17258940567495626
0.17258623718366797
0.17257412364260943
0.17257126055912703
0.17255327392397937
0.1725501638787623
0.17253811168801317
0.17253528986039415
0.17251738875689435
0.17251433079320017
0.17250234096479697
0.17249955746511492
0.17248174274783298
0.1724787378422993
0.17246680985315208
0.17246406353291732
0.17244633709139584
0.17244337887001335
0.17243151486699354
0.17242880230171967
0.17240300657800825
0.17239926033210015
0.17239381148872307
0.17237655109421116
0.1723734072988442
0.17236547323617674
0.17236005518038552
0.17234835434109688
0.17234570453050435
0.17232020217796035
0.17231660988636968
0.17231125388754548
0.17229420016883235
0.17229115906500403
0.1722797182799179
0.17227698510461553
0.17226000933109759
0.17225702090931055
0.17224563617083324
0.1722429382885604
0.1722260398432085
0.17222309807972144
0.17221177106523786
0.1722091084252459
0.17219228629133487
0.1721893933392307
0.17217812369825275
0.1721754921648558
0.1721587527431276
0.17215590336423472
0.17214469014243133
0.17214209010661205
0.17212543315274154
0.17212262070621984
0.17211146893419432
0.17210889615968766
0.17209232070313044
0.17208955075392718
0.17207845653846252
0.17207591308922987
0.17205180105130707
0.1720482685802576
0.1720431708516331
0.17202702263072742
0.17202407190905897
0.17201664502738964
0.17201157009339008
0.17200061496639776
0.1719981341545176
0.1719742542923371
0.17197088948979364
0.1719658721504636
0.17194989361089494
0.1719470505816284
0.17193632946543105
0.17193376990186482
0.17191786284859703
0.1719150610624083
0.1719043957507508
0.17190186511971595
0.17188603160491756
0.17188327109470516
0.17187265398936002
0.1718701521523519
0.17185439556360718
0.1718516685667289
0.17184110796954188
0.1718386330225128
0.1718229492746658
0.17182026025913336
0.17180975351739625
0.17180730212293385
0.1717916952883283
0.17178903854314
0.17177858494913933
0.17177616015294986
0.1717606283981967
0.17175800307975747
0.17174760253252094
0.17174520284444353
0.17172974654388234
0.1717271550533869
0.171716806301424
0.17171443114835241
0.17169904878823952
0.17169648698306786
0.17168619336362273
0.17168383780017624
0.17166146231287413
0.1716581937397721
0.1716534602331625
0.17163846665868815
0.17163573635801402
0.17162884077690121
0.1716241316987251
0.1716139522810467
0.1716116582933274
0.17158945814240112
0.17158635970404384
0.17158170265629272
0.1715668403287578
0.17156421828616264
0.17155425150985598
0.17155188353216674
0.17153709123285196
0.17153450112453675
0.17152458249866637
0.17152223897248664
0.1715075156599702
0.1715049528304909
0.171495084291641
0.1714927615656951
0.17147810769089536
0.17147557684641965
0.17146575752928617
0.17146345528206317
0.17144887126211894
0.17144636535540086
0.17143659550396678
0.17143431330291312
0.17141979940068944
0.17141732308248467
0.1714076006680347
0.17140533446699027
0.17139089296271723
0.1713884405266553
0.17137876666855986
0.1713765226485857
0.1713621511309686
0.17135972368605729
0.1713500961193106
0.1713478717248144
0.17133356864941238
0.1713311634097479
0.1713215846367993
0.17131938125697982
0.17130514753729925
0.17130276313034506
0.17129323749309325
0.17129104548628454
0.17127688443734193
0.17127452266218746
0.17126504170967077
0.1712628707167341
0.17124877703149827
0.17124643767016154
0.17123700283374899
0.17123484740050376
0.17121434249777331
0.1712113542366362
0.17120701200742433
0.17119326169292712
0.17119076616736678
0.17118444359519586
0.17118012685158737
0.17116646323738088
0.17116396707222103
0.17115767930551984
0.17115338070846067
0.17114409761109103
0.17114200714416666
0.17112175261087892
0.17111892752496588
0.17111467388320276
0.17110110672932713
0.17109871724754278
0.1710896202953252
0.1710874588847122
0.17107395471122339
0.17107158820835724
0.17106253760581336
0.17106038933306983
0.1710469507984842
0.17104460415397166
0.17103559630278997
0.17103346501332198
0.1710200915211525
0.17101776199951116
0.1710087988479915
0.1710066845170496
0.17099337273557103
0.17099106309884204
0.1709821448631053
0.17098004363176086
0.17096679741930115
0.170964506390857
0.17095562900857644
0.17095354507484137
0.17094036332991464
0.17093808767402943
0.1709292568060216
0.17092718315741479
0.17091406740314133
0.1709118080948029
0.170903021763367
0.1709009598672661
0.17088790854198527
0.17088566606706418
0.17087692150507874
0.1708748747870997
0.1708618877602692
0.170859660970261
0.17085095986300444
0.17084892626281792
0.17083599802255936
0.17083378821702042
0.17082512852109807
0.17082310709415505
0.170810243992171
0.17080804974722474
0.17079943362372824
0.1707974257132509
0.1707846223272761
0.17078244018749672
0.17077386915914433
0.17077187295755197
0.17075913147769303
0.1707569663534889
0.1707484348344724
0.17074644968590838
0.1707337722866896
0.1707316215192528
0.17072312988933316
0.1707211588358124
0.1707085405053681
0.17070640182702163
0.1706979551822341
0.17069599352659265
0.17068343842137582
0.1706813117838874
0.17067290399542426
0.17067095572803254
0.17065846148120514
0.17065634607799737
0.17064798325563488
0.17064604159326918
0.17063360957754475
0.1706315063503035
0.17062318215115027
0.17062125410576448
0.1706088819229882
0.17060679134954687
0.17059850910840452
0.1705965894243654
0.17058427812966387
0.17058220019745093
0.17057395543147408
0.1705720463262198
0.17055979636718224
0.17055772763338356
0.17054952435143933
0.17054762532947176
0.1705354359755101
0.1705333781722037
0.1705252124984579
0.1705233250792652
0.17051119213282764
0.17050914236468398
0.17050102357255148
0.1704991409764533
0.17048706836591473
0.17048503147992805
0.1704769506409405
0.1704750784642652
0.1704630661555439
0.17046103714025998
0.17045299276110845
0.17045113107147597
0.17043917682115253
0.17043715839570867
0.17042915176435017
0.17042729824522038
0.17041540214797465
0.17041339423027121
0.17040542696753028
0.1704035827076701
0.1703917452350868
0.17038974431133008
0.17038181825068535
0.17037998036971486
0.17036820034351885
0.1703662088820527
0.1703583209134694
0.1703564915810527
0.17034476881465566
0.17034278612379483
0.17033493391561277
0.1703331154173393
0.17032144690153878
0.17031947303788963
0.17031166059757757
0.17030984732368626
0.1702982388603655
0.17029627099599978
0.17028849744503766
0.17028669160375656
0.1702751416889052
0.1702731802674672
0.17026544276772412
0.17026364201432162
0.1702521474390865
0.17025019425268978
0.1702424948990368
0.1702407035464448
0.1702292639347469
0.1702273179453373
0.1702196558582803
0.17021787177687436
0.17020648864662247
0.17020454954013312
0.17019692346247536
0.1701951445691669
0.1701838193524134
0.1701818842489982
0.1701742959584933
0.1701725256054308
0.17016125466088194
0.1701593258501214
0.1701517736381515
0.1701500096402293
0.17013879418791145
0.1701368691162694
0.1701293560300205
0.17012759483368647
0.17011643606874324
0.17011451766560917
0.17010703953285594
0.1701052865221535
0.1700941808097387
0.1700922685003767
0.17008482552845766
0.1700830780555954
0.17007202824239975
0.1700701189007998
0.17006271337508275
0.17006097210017573
0.17004997461193375
0.17004807158625415
0.1700407019312317
0.17003896293860815
0.17002802284143761
0.17002612259201166
0.17001878903185938
0.1700170582556952
0.1700061715322609
0.17000427355308392
0.16999697666225225
0.16999525005505384
0.16998441741323353
0.16998252352851353
0.16997526112334432
0.16997353974117144
0.16996275686271348
0.16996086898729895
0.16995364301467303
0.16995192305721457
0.16994119887868153
0.16993931285167643
0.16993212118274548
0.1699304088296188
0.1699197347799587
0.16991784911024227
0.16991069169997589
0.1699089838565333
0.16989836521983276
0.16989648569721133
0.1698893612973346
0.16988765582766965
0.16987709111763832
0.16987521119364182
0.1698703622718952
0.16986705408120994
0.1698565224886203
0.169854662482036
0.16984759674217542
0.1698459120488128
0.16983543153629369
0.16983357286806114
0.16982654208612238
0.16982485984554763
0.16981443349117045
0.16981257794036522
0.16980779034753335
0.16980452572761345
0.16979412518199014
0.16979229155718017
0.16978531922721507
0.16978365232527015
0.16977330609020394
0.16977147497251197
0.1697645317719531
0.16976287149452665
0.1697525774301863
0.16975074624297623
0.1697460204772321
0.1697427964208566
0.16973253225527435
0.16973071841650425
0.16972383444019848
0.16972218962729058
0.16971197710576683
0.16971016647750276
0.16970331349899673
0.16970167171105066
0.16969151319441594
0.1696897002870376
0.1696850344140243
0.16968185104472344
0.1696717134299351
0.1696699251969136
0.16966312706103232
0.1696615049304194
0.16965141835891423
0.16964963064822386
0.16964500279459072
0.1696418457719504
0.16963178910772803
0.16963002147724213
0.1696232737471662
0.1696216684130929
0.16961166170604272
0.16960989256584932
0.16960317867726785
0.16960157663144226
0.1695916190788566
0.16958985109691277
0.16958528256118982
0.1695821630581681
0.16957222825224513
0.16957048304697772
0.1695638225981815
0.1695622346853335
0.16955235143681244
0.16955060748552184
0.16954397645181263
0.16954239249000044
0.16953255851726898
0.1695308105714818
0.169526297274346
0.1695232165931006
0.16951340713184315
0.16951168192910443
0.16950509889028967
0.16950353354629913
0.16949377357211418
0.16949204739771834
0.16948549616378206
0.1694839331523397
0.1694742209059198
0.16947249120425845
0.16946803287535703
0.16946499159931405
0.16945529566244846
0.16945359471425098
0.16944709390380594
0.16944554505323925
0.16943589996376132
0.1694341958883165
0.16942772398256253
0.16942617975687937
0.16941658304374954
0.16941487661065627
0.16941047291323377
0.1694074668555209
0.16939788894942012
0.16939620664577032
0.16938978335666494
0.16938825282287875
0.16937872908132792
0.16937703981719765
0.1693706480110839
0.16936911994400985
0.16935964163128467
0.16935795030368414
0.16935360074239364
0.16935062729349026
0.16934116592958673
0.16933950249702473
0.16933315963714035
0.16933164385920346
0.1693222299012382
0.16932056308234328
0.16931624623381789
0.16931329900670591
0.169303900369096
0.16930226004430052
0.1692959565716536
0.16929446381928112
0.1692851138259329
0.1692834687126481
0.16927719533604343
0.16927570303052586
0.16926640091097506
0.16926475141759487
0.16926048331136664
0.16925757271463568
0.16924828309186435
0.16924666138455496
0.1692404343172451
0.16923895572131628
0.16922971296002962
0.1692280907794783
0.16922188957342427
0.16922041221596043
0.169211219360313
0.1692095889652482
0.1692053716395312
0.1692024929644289
0.16919331355944078
0.16919170938033284
0.16918555064959287
0.16918409144070695
0.16917495999675633
