2.5575353578649835
2.554692524854315
2.1571945624811564
1.8577453387571514
1.630091787311818
1.454813407697269
1.3179517732455726
1.2095630840631322
1.0824124024278958
0.9893601841162504
0.9193721014702834
0.8654552087564467
0.8230336185981606
0.7733331366191705
0.736754650764322
0.7088598987869109
0.6869115472834713
0.6609157955531236
0.6411859912653682
0.6180878842576338
0.5920250679955851
0.5622611297353743
0.5091551067220322
0.4448414969977657
0.39349522547314153
0.3323524606710814
0.28645642837965934
0.0816697250845195
0.019753353167657372
0.004802260726198172
0.00383444377656332
0.003827381577399733