0.6931471805588971
0.47626712632023094
0.40055405606845423
0.36669855154662334
0.3485745146969667
0.3376053422175399
0.3303306233095992
0.32513887141435394
0.32119982285862536
0.31805280786635737
0.3154274456084093
0.31315791455584757
0.3111388748893323
0.3093014602806526
0.3075995150581418
0.30600149960450174
0.30448541264867407
0.3030356650688453
0.3016410348120401
0.3002933220621766
0.2989864380625015
0.29771578616770683
0.29647785304677016
0.295269882232876
0.2940897022055597
0.2929355511591515
0.2918059855733579
0.2906997806706607
0.2896159137151074
0.2885534839871842
0.2875117012293058
0.28648984677520195
0.28548728802949147
0.28450343394225064
0.2835377485507246
0.2825897187777288
0.2816588672205154
0.28074474694991974
0.2798469229197508
0.2789649864979967
0.2780985548070502
0.2772472483856016
0.2764107087608317
0.27558858777873213
0.27478054521176004
0.2739862604938633
0.27320542015963384
0.2724377162725943
0.27168285592192093
0.2709405492681345
0.27021051717757677
0.26949249179909035
0.2687862007874499
0.2680913950399416
0.2674078250112548
0.2667352439030388
0.2660734192102193
0.2654221135968499
0.2647811109376147
0.264150189245558
0.2635291336782983
0.2629177391128669
0.2623158033872089
0.2617231258639815
0.26113951515005307
0.26056478520450554
0.2599987541669118
0.2594412395027189
0.25889206788980906
0.258351072481805
0.25781808233082965
0.25729294161395244
0.25677548775441
0.2562655706544081
0.2557630366166154
0.2552677414676325
0.2547795392636044
0.2542982919129572
0.25382386292846804
0.2533561212209641
0.25289493310143046
0.25244017410906894
0.2519917197029112
0.25154945214358354
0.25111325082127883
0.2506830000026037
0.2502585855667811
0.24983989806241222
0.24942683197506366
0.24901928172097082
0.24861714534839024
0.24822032240051192
0.24782871417628688
0.24744222746952013
0.2470607634958141
0.24668423716291463
0.2463125537397698
0.24594562877124485
0.24558337624158025
0.2452257123445159
0.24487255651918172
0.24452382824501445
0.24417945051653994
0.24383934535529023
0.24350344043051636
0.2431716596845968
0.24284393522658623
0.24252019291717183
0.24220036605947098
0.24188438900590978
0.24157219800587676
0.2412637253629767
0.2409589122894132
0.2406576949706835
0.2403600129096541
0.24006581133408397
0.23977502884856808
0.23948760862341523
0.2392034978326025
0.23892264089769122
0.23864498532892864
0.23837047977288756
0.23809907343381495
0.2378307177465222
0.23756536094614572
0.23730295830568637
0.23704346068434684
0.23678682559319295
0.23653300514775877
0.2362819574941345
0.23603363912451092
0.2357880059001535
0.23554501800460567
0.23530463578016098
0.23506681887661146
0.23483152555051762
0.23459871974341512
0.23436836544952436
0.23414042330155366
0.23391485676377763
0.23369163240009616
0.23347071591513502
0.23325207144858842
0.23303566848544494
0.23282147089456018
0.23260944758793897
0.23239956770983147
0.23219179995661313
0.23198611365779706
0.23178247816663422
0.23158086584079215
0.23138124717511502
0.2311835930624295
0.23098787763608944
0.2307940723282035
0.23060215161012929
0.23041208647971229
0.23022385390258754
0.2300374263414258
0.22985278174208112
0.22966989234663235
0.22948873771158498
0.22930929329143818
0.2291315345028397
0.22895544011219107
0.2287809854237941
0.22860815001848953
0.22843691279448405
0.2282672508500049
0.22809914413467183
0.22793257134945888
0.22776751338006934
0.22760395084568544
0.22744186478322817
0.22728123411780643
0.2271220413292057
0.22696426637853276
0.2268078927917701
0.22665290215494135
0.22649927728504082
0.22634700037388747
0.22619605376045357
0.22604642151056772
0.22589808571681239
0.22575103148523945
0.22560524213270952
0.22546070203129703
0.22531739615814417
0.2251753086228687
0.2250344251705535
0.22489473152492637
0.2247562119238515
0.22461885211907426
0.2244826402952018
0.22434755919182942
0.22421359771757488
0.22408074096029942
0.2239489764559817
0.2238182909600874
0.22368867189820218
0.22356010670898405
0.22343258306455926
0.22330608905157837
0.22318061088052402
0.2230561396415475
0.22293266125845576
0.22281016465192696
0.22268863907495814
0.22256807369684153
0.2224484576131886
0.22232977981597518
0.2222120280928941
0.22209519204199288
0.22197926403422724
0.2218642313766674
0.2217500858661438
0.22163681669513113
0.22152441305349505
0.2214128657060236
0.22130216543778947
0.22119230387355254
0.2210832711122054
0.22097505754775612
0.22086765353250132
0.2207610524704199
0.2206552432606613
0.2205502192411425
0.2204459707292956
0.22034248990385577
0.22023976908904785
0.22013779934661837
0.2200365730388624
0.21993608221456715
0.2198363186004802
0.21973727530503628
0.21963894458519806
0.21954131955865203
0.21944439194632123
0.21934815427519588
0.21925259878504505
0.2191577211006822
0.21906351090528076
0.21896996285233905
0.2188770708912036
0.2187848271503897
0.21869322477137396
0.2186022580878564
0.21851192020668814
0.21842220548914681
0.21833310795114896
0.21824462058780772
0.21815673710962455
0.21806945224166388
0.21798275994665867
0.217896653815964
0.21781112780410283
0.217726176169168
0.2176417935350567
0.21755797539520966
0.2174747143741249
0.21739200524585142
0.21730984420864305
0.217228225556073
0.21714714357209206
0.21706659179565335
0.21698656653653545
0.21690706254629305
0.21682807511899477
0.2167495994183758
0.21667163035071624
0.21659416199147818
0.21651719103331005
0.21644071247881108
0.2163647222585516
0.216289214892867
0.21621418661789982
0.2161396326881936
0.21606554788501825
0.2159919280471995
0.21591876988433747
0.2158460694879962
0.2157738216826757
0.2157020218447434
0.21563066688163846
0.215559750930345
0.21548927104326002
0.21541922533977154
0.21534960700980108
0.21528041493777916
0.21521164268271498
0.21514328802039598
0.2150753470224957
0.21500781453991383
0.2149406873463654
0.214873963176803
0.21480763811837997
0.21474170998618716
0.2146761724542218
0.21461102395102155
0.21454626084562908
0.21448187818104425
0.21441787517297906
0.21435424699993405
0.2142909912464389
0.2142281021125101
0.21416557928081822
0.21410341894551763
0.2140416175393359
0.21398017248123397
0.21391907935819546
0.2138583378503591
0.21379794341014063
0.21373789309852068
0.21367818450668502
0.21361881335910216
0.21355977892296354
0.21350107704010898
0.21344270586225253
0.2133846591583724
0.21332693894179977
0.2132695400866548
0.21321246177810144
0.21315569784811791
0.213099248749042
0.21304311149236438
0.21298728271586284
0.21293175955704208
0.21287654261439065
0.21282162453499973
0.21276700678840843
0.21271268436661694
0.21265865745014806
0.21260492219588106
0.21255147650887737
0.21249831827785656
0.21244544369688878
0.2123928531473927
0.21234054187923415
0.21228850883266523
0.21223675155215932
0.21218526919899813
0.2121340567161209
0.21208311510118089
0.21203244032583463
0.21198203046550157
0.21193188387117914
0.21188199858922965
0.2118323738035846
0.2117830049226672
0.21173389107091078
0.21168503189179722
0.2116364234289971
0.2115880627820226
0.2115399508175789
0.21149208508207434
0.2114444617348483
0.21139708009090707
0.21134993807915134
0.2113030346102527
0.21125636774165282
0.21120993608280497
0.21116373643914882
0.2111177689137415
0.21107203082896417
0.21102651936592276
0.21098123480831982
0.21093617474069115
0.21089133760823686
0.21084672064988325
0.21080232378113795
0.21075814471259283
0.21071418127339786
0.21067043242514594
0.2106268972839759
0.21058357350256024
0.21054045912357885
0.2104975538074686
0.2104548542369309
0.21041236047852938
0.21037007235003963
0.2103279845147731
0.2102860976815486
0.21024441149638665
0.21020292397614174
0.21016163177791872
0.21012053681776202
0.210079635203227
0.21003892622515855
0.20999840808823464
0.20995808019308654
0.20991794173030096
0.20987798923973539
0.2098382230769198
0.2097986407225455
0.2097592433658716
0.2097200280429544
0.20968099269318236
0.20964213736986342
0.20960346061434712
0.20956496169584574
0.20952663692700577
0.2094884881891458
0.20945051220265057
0.20941270959448693
0.20937507847351539
0.20933761622836264
0.20930032293333087
0.2092631973329244
0.2092262388878042
0.20918944626513256
0.2091528172819933
0.2091163522746775
0.20908004914617195
0.20904390574940004
0.20900792394944553
0.2089721013716995
0.20893643639535245
0.208900928376458
0.20886557679993914
0.20883037862174042
0.20879533519508087
0.20876044354846915
0.20872570465930612
0.20869111542541577
0.20865667596528706
0.20862238661517604
0.2085882454149481
0.20855425100880554
0.20852040077898135
0.20848669587006657
0.20845313596603302
0.20841971815731872
0.20838644345630614
0.20835330904123167
0.20832031635446346
0.2082874629014806
0.2082547477538593
0.2082221696207276
0.2081897285791608
0.20815742431637074
0.20812525533072154
0.20809322102229116
0.2080613190711142
0.2080295506999725
0.20799791269235088
0.20796640701003552
0.2079350313238174
0.20790378417213093
0.20787266694619574
0.20784167757426225
0.20781081485246078
0.20778007900675077
0.2077494682855917
0.20771898104814548
0.2076886183780929
0.20765837922354474
0.20762826224068426
0.2075982654956271
0.20756839067407387
0.20753863606207354
0.20750899983905702
0.20747948350156958
0.20745008558808953
0.20742080521325368
0.20739164068231827
0.2073625915590825
0.20733365708870072
0.20730483758504673
0.2072761327687131
0.20724754016617417
0.20721906069923018
0.20719069252315198
0.2071624349697717
0.20713428909978301
0.20710625243361588
0.20707832494991707
0.20705050573818443
0.2070227938195385
0.2069951899402964
0.20696769318452093
0.2069403023033477
0.2069130171630229
0.20688583598406426
0.2068587593428502
0.20683178558817833
0.20680491569294754
0.2067781471443309
0.2067514822135327
0.20672491771347967
0.20669845322840125
0.2066720883239463
0.2066458236376971
0.2066196572951023
0.20659358940005906
0.2065676192989017
0.20654174701036723
0.2065159715042797
0.20649029302157473
0.20646470881022225
0.20643922016625801
0.2064138256010932
0.20638852560234955
0.20636331828969806
0.2063382052237635
0.20631318427384052
0.20628825445665422
0.20626341576529664
0.20623866945363917
0.20621401375224133
0.2061894472171247
0.20616497104432163
0.20614058211656608
0.20611628196716228
0.20609206991943743
0.20606794616634808
0.20604390775356907
0.20601995657818686
0.20599609236355887
0.20597231331376528
0.20594861968030695
0.20592501021840945
0.20590148507820816
0.20587804419390077
0.20585468623288092
0.20583141106578628
0.20580821832208926
0.20578510728868193
0.20576207753973946
0.20573912879792824
0.20571626087982436
0.20569347389070067
0.20567076670971873
0.20564813885880245
0.2056255893656814
0.20560311907166948
0.20558072732437896
0.20555841229733957
0.20553617541574812
0.20551401510714484
0.20549193178461791
0.2054699241554098
0.20544799226619387
0.20542613615064984
0.20540435481087072
0.20538264808110482
0.20536101547546043
0.20533945592516004
0.20531797014280453
0.20529655774386207
0.20527521775694557
0.20525394987788637
0.20523275478523265
0.20521163117147684
0.2051905794213008
0.20516959679361974
0.2051486857377804
0.20512784491181077
0.2051070734881078
0.20508637193975765
0.2050657385119973
0.20504517466408248
0.2050246789882963
0.20500425062807978
0.2049838907216755
0.20496359802598338
0.20494337225488454
0.20492321261652152
0.2049031203953319
0.20488309432909302
0.20486313332468728
0.20484323828241524
0.20482340849991645
0.20480364319463912
0.20478394239511608
0.2047643044419711
0.20474473075578797
0.20472522120214126
0.2047057744019309
0.20468638983331672
0.20466706855604092
0.20464781046925826
0.20462861293005222
0.2046094778982907
0.20459040323108268
0.20457139022657803
0.20455243752207064
0.20453354493302286
0.20451471347758537
0.20449594197928694
0.20447722902881146
0.20445857519205687
0.20443998175320194
0.2044214468701634
0.20440297032656435
0.20438455183944138
0.20436619085154858
0.20434788824069558
0.20432964234113263
0.2043114544624122
0.20429332296165822
0.2042752471142154
0.2042572278420192
0.20423926515151816
0.20422135826721463
0.20420350758324612
0.2041857107989709
0.20416796962054912
0.20415028286890535
0.20413265059887684
0.20411507264675485
0.20409754914807213
0.204080078195016
0.20406266189472466
0.204045297739443
0.20402798891517965
0.20401073096136452
0.20399352613603217
0.2039763727350085
0.20395927098599148
0.2039422225843172
0.20392522564941257
0.20390827935064088
0.2038913842328404
0.20387454041998324
0.20385774726386718
0.20384100420112264
0.20382431144604687
0.2038076685372014
0.2037910760378776
0.20377453235775073
0.20375803764051062
0.20374159192641064
0.2037251959428949
0.20370884850271165
0.20369254933131498
0.203676297823679
0.20366009519972783
0.20364393969349132
0.20362783219778818
0.2036117717112466
0.20359575878013805
0.20357979246220795
0.20356387326969413
0.20354799974667048
0.20353217275065402
0.20351639189978832
0.20350065693842032
0.20348496726321919
0.20346932431454479
0.2034537265911554
0.20343817333932596
0.20342266514230864
0.20340720141901472
0.2033917832447428
0.20337640941044513
0.20336107959082889
0.20334579392836755
0.20333055182937637
0.20331535365365627
0.20330019859174178
0.20328508714987636
0.20327001783987783
0.20325499118967164
0.20324000720448324
0.20322506613683036
0.2032101677043751
0.20319531057460688
0.20318049595441218
0.20316572353551107
0.2031509933764317
0.20313630325688062
0.2031216552220242
0.20310704783356426
0.2030924813192124
0.20307795569698978
0.2030634701912756
0.2030490253514067
0.20303462088895236
0.20302025648967634
0.2030059320656527
0.20299164764738248
0.20297740222862262
0.20296319701997356
0.20294903060473032
0.20293490303625272
0.20292081502793066
0.20290676545121306
0.20289275521216815
0.2028787825474122
0.2028648486801271
0.2028509520017579
0.20283709482687753
0.20282327510647324
0.2028094929357209
0.2027957486124143
0.20278204155420804
0.20276837194445252
0.2027547388537493
0.20274114276442523
0.20272758274484387
0.20271405984369079
0.20270057314986392
0.20268712312982304
0.20267370975998275
0.20266033315788504
0.20264699088296664
0.20263368479922275
0.20262041491556507
0.20260717977347217
0.2025939802320264
0.2025808159970166
0.20256768658041158
0.20255459253361952
0.20254153349454593
0.20252850844300035
0.20251551880932012
0.20250256289871957
0.20248964140854725
0.20247675421633332
0.20246390126244093
0.20245108181533808
0.20243829526088528
0.20242554293922646
0.20241282424645354
0.20240013859167233
0.2023874865482879
0.20237486725985254
0.20236228094852954
0.2023497283571198
0.2023372080209098
0.20232471938242658
0.20231226351670728
0.2022998397621623
0.2022874484132009
0.20227508861667004
0.20226276188257536
0.20225046712489378
0.20223820341980014
0.20222597153801494
0.20221377114809286
0.202201602623215
0.20218946473082647
0.2021773582179038
0.20216528293293576
0.20215323826012593
0.20214122354341385
0.20212923932161334
0.20211728693125408
0.20210536447292712
0.20209347241587902
0.20208161106743214
0.20206977896699962
0.20205797666880784
0.20204620500863382
0.20203446315963275
0.2020227504922704
0.20201106709926925
0.20199941387228607
0.20198778928538363
0.20197619434918213
0.2019646281107808
0.20195309075713067
0.20194158268261572
0.20193010290895777
0.20191865302993817
0.20190723061558516
0.20189583700165858
0.20188447201860069
0.2018731350746147
0.2018618258092494
0.2018505446941105
0.20183929199583017
0.20182806670626172
0.201816869794779
0.201805700535704
0.20179455793359838
0.20178344250785837
0.20177235556209133
0.20176129573314855
0.20175026191457965
0.2017392560089333
0.20172827698105164
0.2017173252506901
0.20170639980934232
0.20169550109149922
0.20168462845888643
0.20167378340970266
0.2016629654321388
0.20165217250868997
0.20164140603695777
0.20163066612291464
0.20161995219924495
0.2016092635753721
0.20159860086956943
0.20158796430653161
0.20157735342982044
0.2015667678786285
0.20155620787244674
0.20154567358451175
0.20153516440875527
0.2015246803905339
0.20151422110311132
0.2015037870066949
0.20149337753529903
0.2014829937270314
0.2014726344792827
0.2014623005395219
0.20145199032633554
0.20144170436046274
0.20143144320584322
0.2014212069298277
0.20141099448845304
0.20140080636238555
0.20139064202414905
0.2013805019675744
0.20137038569873472
0.20136029406421896
0.20135022547606993
0.20134018144134647
0.20133016055958478
0.20132016269995762
0.2013101893049406
0.20130023860459176
0.20129031162382954
0.2012804071227855
0.2012705261646469
0.20126066814288932
0.20125083319439555
0.20124102115937115
0.20123123250000188
0.2012214665168893
0.20121172220570982
0.20120200139026811
0.2011923026562209
0.2011826273787352
0.20117297378326016
0.2011633419972279
0.20115373298893532
0.2011441463476243
0.20113458165022868
0.2011250388412627
0.20111551752961349
0.20110601868407837
0.20109654131588564
0.20108708567546707
0.201077652417002
0.20106824011225566
0.20105884933627596
0.20104948026040237
0.20104013240274773
0.20103080536386064
0.2010215006036299
0.20101221685513396
0.20100295379564526
0.20099371190426232
0.20098449110471894
0.20097529134308473
0.2009661115030856
0.20095695342923542
0.20094781559662442
0.20093869862157696
0.20092960152611555
0.2009205259599512
0.2009114703878372
0.20090243541849206
0.20089342062251309
0.2008844255695068
0.20087545174357266
0.20086649803616413
0.20085756381626227
0.20084864934864272
0.20083975439858337
0.20083087940338878
0.20082202512320935
0.20081319026726432
0.20080437530478948
0.20079557917653462
0.2007868030512961
0.2007780467197721
0.20076930887177183
0.20076059098799154
0.20075189255210163
0.20074321298398762
0.20073455365195428
0.20072591205165363
0.20071728984989554
0.20070868722675825
0.20070010302395996
0.2006915380220012
0.2006829920312983
0.2006744643946328
0.2006659557503091
0.20065746518868535
0.2006489930504277
0.20064054076938898
0.2006321061050685
0.20062369013055892
0.20061529244258067
0.2006069129700757
0.20059855133398438
0.200590207992372
0.20058188337494545
0.2005735765554974
0.2005652881354443
0.20055701718243862
0.2005487643605383
0.2005405296760626
0.20053231277840203
0.20052411304437093
0.20051593151644212
0.20050776780918408
0.2004996211832314
0.20049149236009833
0.20048338102629976
0.20047528736229836
0.20046721071084178
0.2004591514096165
0.20045110956361434
0.20044308472276165
0.20043507738759278
0.20042708667156406
0.20041911325808023
0.2004111570201096
0.20040321745481865
0.20039529452438662
0.2003873898662047
0.2003795010415112
0.2003716290548531
0.20036377338686964
0.20035593462669654
0.20034811228954408
0.20034030721839904
0.20033251865385318
0.20032474612133994
0.2003169898271773
0.2003092501687912
0.20030152666396198
0.20029381938829136
0.20028612868919346
0.20027845408686953
0.20027079656973076
0.20026315443805517
0.20025552842367852
0.20024791864433103
0.20024032482911983
0.2002327462419125
0.20022518371534617
0.20021763722847954
0.20021010663333533
0.20020259160740317
0.20019509247241346
0.20018760794245002
0.20018013965852033
0.20017268658078463
0.20016524910209813
0.20015782707073193
0.2001504205082189
0.2001430298714703
0.20013565388984342
0.2001282936843803
0.20012094889218413
0.20011361808750822
0.20010630306625043
0.20009900344520462
0.20009171880947027
0.20008444976255912
0.20007719531308804
0.20006995531689878
0.20006273038608674
0.20005552038657312
0.20004832553088314
0.2000411446021796
0.2000339790430518
0.20002682800192484
0.20001969196510555
0.20001256995805833
0.20000546261872168
0.19999837017081606
0.19999129199777982
0.19998422789935902
0.1999771785871116
0.1999701435527964
0.19996312235092403
0.1999561167019112
0.19994912402925044
0.19994214643793037
0.19993518302666527
0.1999282329722581
0.19992129743639686
0.1999143753942254
0.19990746813245416
0.199900574264968
0.1998936945465291
0.19988682879795366
0.1998799766721195
0.19987313931837353
0.19986631463464574
0.19985950402869426
0.19985270659364557
0.19984592356741931
0.19983915431128194
