0.4748950385807086
0.4743411434010617
0.4737882420835071
0.47323633183038294
0.4726853977803209
0.47213544723593326
0.47158647684962907
0.4710384821618552
0.47049145694329375
0.4699454067195228
0.4694003285954692
0.4688562168872491
0.46831307366137853
0.46777089734525545
0.4672296859360394
0.4666894323607802
0.4661501411660438
0.4656118107007632
0.46507443751724753
0.4645380182452039
0.46400254969200416
0.4634680337908975
0.4629344689073538
0.46240184967424525
0.46187017819677934
0.4613394525396467
0.4608096714268237
0.4602808282774644
0.4597529260160844
0.45922596360879786
0.4586999355123149
0.4581748424635884
0.4576506825196164
0.45712745252505393
0.45660515248088585
0.4560837831776643
0.4555633394437244
0.4550438219075358
0.45452522611716983
0.45400754948527866
0.45349079254444413
0.45297495278246247
0.4524600272495214
0.45194601761565045
0.45143292295738435
0.45092074142658656
0.45040946865100795
0.4498991028865007
0.4493896406297122
0.44888108134185045
0.4483734264484659
0.44786667110278566
0.447360815872499
0.44685585785216364
0.4463517941748306
0.44584862546923276
0.44534634812326146
0.4448449606489643
0.444344465347268
0.44384485598960044
0.4433461343614149
0.4428482963123658
0.442351340969937
0.4418552666492933
0.4413600719687817
0.44086575061782396
0.44037230871511857
0.4398797424308548
0.43938805035876505
0.43889722837954837
0.43840727525681955
0.4379181887738949
0.437429968175563
0.43694261422969594
0.4364561227765895
0.43597049237537433
0.43548572081090353
0.43500180870209604
0.43451875228596704
0.43403655166916455
0.4335552068695193
0.43307471350639437
0.4325950703819089
0.43211627797746377
0.43163833090828807
0.4311612292941702
0.4306849736245024
0.4302095599002991
0.42973498739779314
0.4292612555186459
0.4287883575654091
0.42831629556661155
0.42784506569905445
0.4273746698927554
0.42690510613313537
0.4264363739791984
0.42596846825911805
0.42550138697964346
0.42503513302313245
0.42456970025117513
0.4241050909043469
0.4236413017351305
0.42317832976844283
0.4227161771956075
0.422254840884958
0.4217943200712976
0.4213346111346138
0.42087571298085213
0.4204176263059014
0.4199603442830341
0.41950386991471444
0.4190482031533761
0.41859333896328765
0.4181392786486572
0.41768601647032044
0.4172335553636749
0.41678189017294043
0.4163310214849506
0.4158809465932721
0.415431663763541
0.4149831703979491
0.41453546897276694
0.41408855414779344
0.4136424269168003
0.4131970876725716
0.41275253159137804
0.41230875956888
0.4118657683499396
0.4114235570719543
0.41098212184025507
0.4105414637436169
0.4101015797960048
0.40966246710162535
0.40922412832176924
0.40878656197714014
0.40834976321959093
0.40791373074522896
0.40747846368727114
0.40704396401569365
0.40661022576145245
0.40617724902955654
0.40574503284753627
0.4053135762380228
0.4048828757971854
0.4044529324446977
0.40402374106606365
0.40359530275801614
0.4031676177853496
0.4027406834861874
0.4023144987677798
0.40188906415431513
0.4014643746491118
0.4010404273158601
0.40061722303893466
0.4001947623799268
0.39977304038145334
0.3993520579700982
0.39893181199343386
0.3985123016405
0.3980935254552713
0.3976754844145959
0.3972581718537036
0.39684159210327485
0.39642573996698227
0.3960106165314299
0.3955962187589803
0.3951825455610868
0.3947695942410552
0.3943573672642363
0.3939458593875438
0.39353507015173506
0.3931249978482271
0.39271564174656814
0.3923070010090999
0.3918990754999415
0.391491859444668
0.391085358749927
0.3906795667840567
0.39027448291317257
0.3898701019099239
0.3894664280674526
0.3890634582843113
0.38866119248760866
0.38825962715797835
0.38785876287889276
0.38745859504563396
0.3870591248372536
0.38666035071153093
0.38626227160505977
0.3858648866175648
0.38546819443605607
0.3850721939367917
0.38467688093324437
0.38428225800204974
0.3838883162857455
0.38349506241810305
0.3831024894483357
0.38271060364667964
0.382319395175008
0.3819288649377981
0.3815390189597413
0.3811498521282447
0.3807613584977946
0.38037353888314207
0.3799863926710434
0.3795999216403487
0.37921411766727875
0.3788289836460935
0.3784445180307824
0.37806072046144923
0.3776775856300165
0.37729511288530004
0.3769133084825961
0.37653216767307296
0.3761516853246606
0.3757718644301701
0.3753927004964138
0.3750141898389243
0.37463633720218525
0.3742591349728799
0.3738825852129568
0.37350668778850626
0.37313144075874816
0.3727568442102389
0.3723828964281217
0.3720095932449151
0.3716369373458732
0.37126492662339317
0.37089355697058957
0.3705228314946519
0.37015274551632193
0.36978329452277403
0.369414484853708
0.369046311555868
0.36867877010340244
0.36831186262257243
0.36794558896504137
0.3675799478001104
0.3672149349586198
0.3668505530219097
0.36648680032959957
0.3661236726209297
0.3657611695227665
0.365399290118377
0.3650380327916447
0.3646773999772649
0.3643173873460567
0.3639579942701766
0.3635992161447976
0.3632410592173553
0.36288351486136106
0.3625265829541001
0.36217026903670235
0.36181456580162774
0.3614594750569208
0.3611049928136807
0.36075112126236664
0.36039785634106014
0.3600451937509489
0.3596931388633251
0.35934169149744555
0.35899084358949496
0.3586405973398522
0.3582909486023198
0.35794189967203105
0.35759345308252055
0.35724559816585877
0.35689834044111524
0.356551675704597
0.3562056031251828
0.3558601246154427
0.35551523964484855
0.35517094365540314
0.35482723624150314
0.3544841166096999
0.3541415800128902
0.3537996323709678
0.35345826907653266
0.3531174864868579
0.3527772867920139
0.35243766941965016
0.35209863242314354
0.35176016897746254
0.35142228546312637
0.3510849766537859
0.3507482423408126
0.3504120845778579
0.3500764993910236
0.34974148584531006
0.34940704284864754
0.34907316905508334
0.3487398642490288
0.34840712781930927
0.34807495830325774
0.3477433516768278
0.34741230733107187
0.3470818272875338
0.3467519078390858
0.3464225478074452
0.3460937462821867
0.34576550586418864
0.345437826069677
0.3451106985736566
0.34478412638102884
0.34445811132017523
0.34413264716760483
0.34380773859568003
0.34348337863245193
0.34315956628107414
0.3428363040603535
0.3425135876016908
0.3421914191847516
0.34186979596356637
0.3415487155015867
0.34122817784174875
0.34090818491200936
0.34058873264637657
0.34026982075772305
0.33995144791807663
0.33963361385536184
0.33931631696077214
0.33899955697070383
0.3386833328670015
0.33836764069905456
0.33805248318149295
0.3377378557538957
0.33742376083026016
0.3371101940221254
0.33679715536638843
0.3364846435126937
0.3361726579879972
0.3358611980060119
0.33555026284027245
0.33523985121166877
0.3349299655546961
0.33462059898674035
0.33431175312001027
0.33400342828050145
0.3336956198135338
0.33338832996349754
0.33308155492046077
0.33277529460333244
0.3324695479012243
0.3321643131993153
0.33185959398990983
0.33155538835301024
0.3312516926124288
0.3309485062224946
0.33064582876671866
0.33034365889102013
0.3300419964377078
0.32974083704346335
0.32944017974393447
0.3291400274902445
0.3288403787890064
0.32854123002484636
0.32824258360593617
0.32794443599388134
0.3276467895093902
0.32734963900258995
0.3270529855787637
0.32675682773437587
0.32646116395967184
0.32616599093231413
0.32587131413405757
0.3255771274614149
0.3252834314931684
0.3249902257529885
0.32469750804796427
0.3244052760126038
0.3241135331924382
0.3238222778268989
0.32353150701232447
0.3232412215781485
0.3229514183959994
0.32266209844383587
0.32237325932999406
0.3220848995552459
0.32179702055180304
0.32150961982442783
0.32122269366098233
0.32093624577090885
0.3206502738633735
0.3203647776803338
0.3200797569258047
0.3197952067886901
0.31951112740043
0.3192275224307739
0.3189443822893221
0.3186617149927513
0.3183795175399269
0.3180977877016963
0.3178165209313998
0.3175357229354019
0.31725539004091674
0.3169755202504394
0.3166961139953409
0.31641716754396376
0.3161386833700577
0.3158606603310621
0.3155830949399804
0.3153059902123355
0.31502934166590024
0.3147531476401556
0.31447740876577446
0.3142021275342003
0.31392729958558774
0.31365292477579676
0.31337900130036367
0.3131055290363609
0.3128325085339425
0.31255994020623834
0.3122878188766789
0.3120161456194811
0.3117449171431875
0.3114741331646875
0.31120379575318446
0.3109339039861998
0.3106644576021551
0.3103954519075668
0.3101268850450998
0.30985876414403957
0.30959108228947885
0.30932383633553595
0.30905703143532326
0.3087906619529476
0.3085247294259478
0.308259235646808
0.30799417478838187
0.3077295487928766
0.30746535336741065
0.3072015946497385
0.30693826590606377
0.3066753662319075
0.30641289554869267
0.30615085310333434
0.30588924294441344
0.30562805967539175
0.3053673030885903
0.3051069709059224
0.30484706371047277
0.30458758061830415
0.3043285214953797
0.3040698817111184
0.3038116637900945
0.30355386708343735
0.3032964889375259
0.3030395305429334
0.30278299694448163
0.30252687979850024
0.30227117531852044
0.30201588540739743
0.3017610128562689
0.3015065539168251
0.3012525083196207
0.30099887701379846
0.3007456602723625
0.3004928518279607
0.300240456673147
0.2999884734727297
0.29973689166926376
0.29948572055513545
0.29923495474338846
0.2989845993591783
0.29873464730889976
0.2984850981053887
0.2982359569069917
0.29798721835507735
0.29773888082180955
0.29749094389703523
0.2972434120543901
0.2969962802106053
0.29674954158211697
0.2965032074791808
0.29625726525665275
0.2960117252230583
0.29576658167428715
0.2955218283981166
0.29527747650647296
0.2950335132779507
0.2947899438026861
0.2945467681897518
0.29430398548643744
0.29406158952544825
0.29381958546809384
0.29357797244127803
0.2933367496732513
0.29309591143568803
0.2928554626026184
0.29261539652476865
0.29237571837975507
0.2921364282821458
0.291897524399904
0.2916590021689348
0.2914208599492527
0.2911831026684285
0.2909457247898677
0.29070872516420054
0.29047210925589273
0.29023587075649504
0.2900000090916377
0.2897645235801831
0.2895294195041733
0.28929469043528333
0.2890603364999871
0.2888263558445846
0.2885927484059908
0.28835951962483974
0.28812666255466757
0.2878941771530179
0.28766205807868894
0.287430309273503
0.2871989361062701
0.2869679319981808
0.2867372964954925
0.286507024779573
0.2862771206777819
0.28604758357310023
0.2858184134494114
0.2855896038577972
0.2853611601139313
0.28513308148266525
0.2849053623448875
0.28467800681020283
0.28445101422618746
0.28422437915349363
0.28399810683560633
0.2837721957246716
0.28354664072997904
0.2833214466356122
0.2830966072123897
0.2828721216273278
0.2826479903580389
0.28242421734617185
0.28220079720589464
0.28197773407256965
0.28175501693917404
0.2815326566511641
0.2813106476242736
0.2810889935890508
0.2808676883682433
0.2806467270525549
0.28042611933986783
0.2802058593546173
0.2799859516161446
0.27976638568463463
0.2795471658304828
0.2793282967996994
0.2791097677432568
0.2788915837999286
0.2786737447068939
0.2784562496934253
0.2782390967543449
0.2780222813716755
0.27780580863237014
0.2775896825999583
0.2773738922372748
0.27715844302280557
0.2769433289239531
0.27672855423380405
0.27651411333419873
0.27630001603297427
0.27608625209527304
0.2758728259059041
0.27565973131739796
0.2754469728205706
0.27523454576267503
0.27502244950699894
0.2748106886470413
0.27459925597523516
0.2743881580971518
0.274177388773274
0.2739669469142494
0.27375683744275414
0.273547055198031
0.2733376000073273
0.2731284752234391
0.2729196757922139
0.27271119698481106
0.27250304774002143
0.2722952230763398
0.27208772158018846
0.2718805430849356
0.27167368741646347
0.27146715343854455
0.2712609417075248
0.27105505030435917
0.2708494799372798
0.2706442248493651
0.27043928940528483
0.27023467796032996
0.27003038109952726
0.26982640143566083
0.26962273981618845
0.269419395787706
0.2692163641648504
0.2690136535193688
0.2688112536795394
0.2686091696318874
0.2684073996997074
0.2682059399588357
0.2680047945972097
0.26780395787981626
0.26760343353094596
0.2674032181097421
0.26720331454426494
0.2670037222051177
0.26680443105840046
0.2666054503553328
0.266406776076053
0.26620840712484395
0.26601034732566753
0.2658125918821891
0.2656151448221983
0.2654180004541178
0.2652211586234656
0.2650246229843728
0.2648283848330827
0.2646324488913616
0.26443681911586536
0.2642414891989734
0.2640464637748402
0.2638517332232524
0.2636573016942082
0.26346316970771255
0.2632693405870582
0.2630758037832178
0.2628825642160044
0.2626896220347764
0.26249697613823975
0.2623046260019769
0.262112571220224
0.26192080683936714
0.26172933778874696
0.26153816366410976
0.2613472825018017
0.26115669466451374
0.26096639433451163
0.2607763863881227
0.26058667065730245
0.26039724252416185
0.26020810631926394
0.2600192548119906
0.25983069458340813
0.25964241869981275
0.2594544334040563
0.2592667312351692
0.2590793182864547
0.2588921888279644
0.2587053473532982
0.25851878863144784
0.25833251648910016
0.2581465265059949
0.2579608174718937
0.2577753947301956
0.2575902471995465
0.2574053854916374
0.2572208030843227
0.25703649975350074
0.25685248011355855
0.2566687388423623
0.2564852717410302
0.2563020866498259
0.2561191778088261
0.2559365468886369
0.25575419660848786
0.25557211718531136
0.25539031471926266
0.25520878704114847
0.2550275344683419
0.25484655620749086
0.25466585164775335
0.2544854161249098
0.25430525870031917
0.2541253747789276
0.2539457579766268
0.2537664129529891
0.253587339150357
0.2534085326981441
0.2532300017464625
0.25305173678260373
0.25287374150477204
0.2526960155375717
0.2525185543321743
0.25234136216116887
0.25216443394568544
0.25198777363379454
0.25181137643673024
0.2516352464667626
0.2514593788894729
0.251283777719683
0.25110843803141014
0.2509333593021166
0.2507585461877393
0.2505839937325366
0.2504097054930642
0.25023567758421295
0.25006190916209337
0.24988840308933877
0.2497151564230797
0.2495421680924211
0.24936944135248298
0.24919697201097887
0.24902476011027433
0.2488528084463554
0.24868110837012333
0.2485096647708007
0.24833847654173005
0.24816754804541793
0.24799687451985378
0.24782645037094822
0.2476562801745811
0.24748636383034636
0.24731670557516863
0.2471472954466903
0.24697813745434102
0.24680923222535364
0.24664057892580785
0.24647217655357864
0.2463040252256388
0.24613612487628392
0.24596847488471682
0.24580106994718534
0.245633914820623
0.24546700925569606
0.24530035288068694
0.2451339402703672
0.24496777578139464
0.24480185423531384
0.24463618074584773
0.24447075461821263
0.2443055700208782
0.24414063246017295
0.24397593603677722
0.24381148595865273
0.24364727568070058
0.24348331114460867
0.24331958636462733
0.24315610599090973
0.24299286475214302
0.24282986309393104
0.242667100580418
0.24250458042570341
0.24234229825002815
0.2421802583584081
0.24201845605970304
0.2418568906725416
0.24169556241768417
0.24153447448052626
0.24137362299116435
0.24121301162569783
0.2410526313807462
0.2408924861859831
0.24073257981558668
0.24057290783737303
0.24041346564874558
0.24025426163897676
0.24009529047826336
0.23993654801799383
0.23977804284425766
0.2396197701505622
0.23946172533810048
0.23930391166993195
0.23914633376104136
0.23898898239263208
0.23883186188984698
0.2386749727905638
0.23851831319982267
0.23836188282217383
0.23820567735728068
0.2380497006637611
0.2378939536197576
0.23773843486204702
0.23758313951171176
0.2374280713770078
0.23727322609389548
0.23711861269142362
0.23696422166410744
0.23681005716267947
0.23665611447873833
0.2365023981261505
0.23634890264181
0.236195631978968
0.23604258196520736
0.23588975231712103
0.2357371474038932
0.23558476233537165
0.2354325999683041
0.23528066112784105
0.23512894056329467
0.23497744224247577
0.23482616206407067
0.2346750998657254
0.23452425982180222
0.23437363664304553
0.23422323019404037
0.2340730408145302
0.23392307173497037
0.23377331473974253
0.23362377253303354
0.2334744491518894
0.23332534102266458
0.23317644822436354
0.23302776969389563
0.2328793048960127
0.23273105802978136
0.23258302436627545
0.23243520429715428
0.23228759273220753
0.2321401929979526
0.23199300641948786
0.23184603533857925
0.23169927641426677
0.23155272397084645
0.23140638279644207
0.23126025267263747
0.23111433333541345
0.23096862314488767
0.23082311927860152
0.23067782485701918
0.23053273975539088
0.23038786415797616
0.2302431916084662
0.23009872853401578
0.22995447339671485
0.2298104260471662
0.2296665822341488
0.22952294488314604
0.22937951507097856
0.2292362871922667
0.22909326640482028
0.22895044750609386
0.2288078336165992
0.2286654254089561
0.22852321781016724
0.22838121567227168
0.2282394141517489
0.22809781233846363
0.22795641522967544
0.22781521709471134
0.22767422251745403
0.22753342704087928
0.22739283351691
0.227252439858557
0.22711224386425402
0.2269722504100413
0.22683245418999268
0.22669285888306404
0.2265534573279144
0.22641425704471937
0.2262752530296698
0.22613644848936634
0.22599783707291696
0.22585942495283398
0.22572120844698704
0.22558318288345988
0.22544535639606275
0.22530772444938327
0.22517028762238292
0.22503304451536835
0.2248959945166578
0.22475913891565394
0.22462247572526964
0.2244860092910789
0.22434973219976842
0.22421364800068624
0.22407775563134677
0.22394205568697215
0.22380654636818234
0.2236712288459741
0.22353610237645302
0.2234011637736971
0.223266417906222
0.22313186037023827
0.22299749057992743
0.22286330798904616
0.22272931933951676
0.22259551569275152
0.22246190086643716
0.2223284757189465
0.22219523863710774
0.22206218618505694
0.22192932048679662
0.22179663922376638
0.22166414212587762
0.22153183110633992
0.22139970910846332
0.22126777158837876
0.22113601732448948
0.22100444464031913
0.22087305811369531
0.22074185387464126
0.22061083855673722
0.2204800049426884
0.2203493523089655
0.22021888358889777
0.2200885957310776
0.21995848824429562
0.21982856062200054
0.21969881574364578
0.2195692503190584
0.21943986414612268
0.21931066517614126
0.21918164558674033
0.21905280366364774
0.21892414026255444
0.21879565550141664
0.21866735121193745
0.21853922513143811
0.21841127613174158
0.21828350014829714
0.21815590566344925
0.21802848574106362
0.21790124356423327
0.2177741764336357
0.21764728555500942
0.21752056991222443
0.21739403045725228
0.21726766667143857
0.21714147974722778
0.21701546824454945
0.21688963079179854
0.2167639689574212
0.21663847884411877
0.21651316282508967
0.21638801703606744
0.21626304310388675
0.21613824388411843
0.21601361705102665
0.21588916055951876
0.21576487806777042
0.2156407639987181
0.21551682041887174
0.21539304823054398
0.2152694463392801
0.215146013912031
0.215022751447318
0.21489965919138113
0.21477673763262875
0.2146539825548263
0.21453139623576342
0.21440898033633002
0.21428673415884744
0.21416465275405014
0.21404273960033862
0.2139209963697232
0.21379941324094823
0.21367799853118227
0.2135567518235613
0.21343566959491858
0.2133147548562648
0.21319400688835358
0.213073422646212
0.21295300194924557
0.2128327490543779
0.21271265749824694
0.21259273188061065
0.21247297223226672
0.2123533710224025
0.21223393525474868
0.2121146654560904
0.21199555655466787
0.2118766083736228
0.21175781956428305
0.2116391963450688
0.21152073526469775
0.21140243395881955
0.21128429232071014
0.21116631317864695
0.21104848985455513
0.2109308303424374
0.2108133300921227
0.21069598974216372
0.21057880664546144
0.21046178584455108
0.21034492016789422
0.21022821589454385
0.21011166524980093
0.2099952765786309
0.20987904472171834
0.20976297110433598
0.20964705369806927
0.20953129128036233
0.20941568838381205
0.209300241360356
0.20918495004787316
0.2090698145379096
0.208954834621801
0.20884000981592674
0.20872533712710065
0.20861082405043155
0.20849646204942104
0.20838225799028084
0.20826820555204342
0.20815430702401969
0.20804055846850708
0.2079269678751974
0.20781352773454223
0.2077002407406304
0.20758710308759667
0.207474122442847
