2.485969264754455
1.3952381409480175
1.0144626819393348
0.8441968978230423
0.7530476625910139
0.6978816037862444
0.6612956560480432
0.6351853463697108
0.6153751205146863
0.5995481823889017
0.5863447352758745
0.5749308311058297
0.5647766958525964
0.5555359876276799
0.5469765807623379
0.5389398565106426
0.5313151662876383
0.524024109428891
0.5170102480913904
0.5102323438374143
0.5036597751489096
0.4972694246206354
0.4910436230413413
0.4849685076141096
0.47903315734869495
0.47322871178863496
0.4675479111952808
0.4619845959290861
0.4565336224560421
0.45119046088606296
0.4459511368631519
0.4408120360776791
0.4357699770869183
0.430821987388166
0.4259653715225893
0.4211975491272493
0.41651611925274806
0.4119188342071447
0.40740350606023745
0.4029680797237656
0.39861062963327626
0.3943292474055291
0.3901221302124016
0.385987527121038
0.3819237270622875
0.3779291178483835
0.3740021230020512
0.37014119385206234
0.36634485729406424
0.3626116556700804
0.3589401851637492
0.3553290987005552
0.35177702660445914
0.3482827160904414
0.3448449121475788
0.3414623735799329
0.3381339310751765
0.3348583910256056
0.3316346664958194
0.32846164107111364
0.3253382342682087
0.322263414484605
0.31923616500880153
0.3162554767973663
0.3133203872977661
0.31042996087477004
0.3075832829176328
0.30477943542530184
0.3020175467278166
0.2992967777229498
0.2966162686812499
0.29397523593950375
0.291372861868186
0.28880839159688493
0.28628105215243155
0.2837901184593242
0.28133485653810425
0.2789145718999298
0.27652857812454656
0.27417621593952307
0.27185681299732556
0.2695697433608816
0.2673143806899274
0.2650901328507153
0.2628963932735401
0.2607325799131111
0.2585981188342928
0.25649245958514194
0.25441507151346515
0.252365423618389
0.2503430031651666
0.24834730493735635
0.2463778325485733
0.24443411724710049
0.2425156622273771
0.24062203954424086
0.23875277277717863
0.2369074371852231
0.23508560017872743
0.23328684028003854
0.23151075233318819
0.22975693138491896
0.22802499016002625
0.2263145364899343
0.22462520660952248
0.22295661801051772
0.2213084292564179
0.2196802674864901
0.21807179726940118
0.21648268845099136
0.21491262041728668
0.21336125271021447
0.21182828967474363
0.2103134103755783
0.20881631056110525
0.20733671477128626
0.20587431423692937
0.2044288231506874
0.20299997584042398
0.20158749279157936
0.20019111002318402
0.198810569269066
0.19744561506770322
0.196096003175507
0.19476147325711343
0.19344180037192021
0.19213673738149284
0.19084607060088415
0.18956955920998966
0.1883069927175208
0.1870581523144137
0.18582281601856082
0.1846007835854142
0.1833918555688105
0.18219582903986434
0.1810124940628633
0.17984166929291864
0.17868317365010303
0.17753680914880438
0.17640239204389702
0.1752797541788616
0.17416872307572534
0.17306911838617658
0.17198078664440752
0.1709035461400075
0.16983724052552432
0.1687817146215118
0.1677368109960765
0.16670237540149505
0.16567825370942604
0.16466430690131179
0.16366038659010065
0.16266634639027114
0.16168205621353027
0.1607073723865083
0.1597421665207975
0.15878629275903602
0.1578396352570127
0.15690205552425093
0.15597344264624802
0.1550536570231284
0.15414259584066248
0.15324013565484873
0.15234615283132402
0.1514605405822749
0.15058317470832905
0.1497139525176432
0.14885276788527746
0.14799950563385217
0.147154064926184
0.1463163386454124
0.14548623066209673
0.14466364350641084
0.14384848180941667
0.1430406395814706
0.14224002871007488
0.1414465484158169
0.14066011584772292
0.13988063839839665
0.1391080296512279
0.1383422000454805
0.13758306076048038
0.13683053166024292
0.13608452268495266
0.13534495893010626
0.13461175649301635
0.13388483677786703
0.13316412423184343
0.132449538939185
0.13174100920919712
0.1310384632437861
0.13034182177216724
0.12965101313715258
0.1289659779168799
0.12828662930548462
0.12761291152229176
0.12694474957131371
0.12628208076861172
0.12562483850489892
0.12497295954104908
0.12432638070367949
0.1236850399935639
0.12304887749619745
0.12241782386146959
0.12179183428005314
0.12117083796009076
0.1205547791815615
0.11994360389573944
0.11933725763293113
0.11873568555288859
0.11813883229416054
0.11754663643872679
0.1169590456731862
0.11637602162962106
0.11579750047286855
0.11522344094762593
0.1146537887007885
0.1140884893661307
0.11352749649801162
0.11297076375280582
0.11241824900983453
0.11186990247454179
0.11132567583656343
0.1107855205757607
0.11024940351948655
0.1097172688394478
0.10918908303075944
0.10866479739794238
0.10814437260636528
0.10762777005309196
0.10711494478594234
0.1066058583934429
0.1061004708874292
0.1055987406601382
0.10510063305257485
0.10460610912352872
0.10411513426053368
0.10362766682653396
0.10314366923833919
0.10266310246826912
0.10218594451267701
0.10171214348627569
0.10124167250048957
0.10077450112542911
0.10031058977389774
0.0998499039530743
0.09939241516605633
0.09893808874588433
0.09848689633434916
0.0980388078363546
0.09759378802298968
0.09715180526316769
0.0967128330282324
0.09627684095561727
0.09584379681502572
0.09541367020260177
0.09498643224119989
0.09456205589337449
0.09414051849478036
0.09372178295261244
0.09330582298456706
0.09289261947093841
0.09248214371301859
0.09207436696370692
0.0916692567291673
0.09126679445057288
0.09086695373249211
0.09046971090789918
0.09007504165429675
0.08968292035439675
0.08929331721256897
0.08890621559551201
0.08852159037034514
0.088139421071131
0.08775968013959198
0.08738234864657157
0.08700740272626509
0.08663481613268412
0.08626456793849041
0.08589664159563597
0.08553101744785137
0.08516766946656093
0.08480657439863538
0.08444771669099674
0.08409106685742097
0.08373661007385089
0.08338433688233035
0.0830342130336769
0.0826862329174791
0.08234036414076663
0.08199659551755076
0.08165490729152905
0.08131527356689476
0.08097767811804599
0.08064210955362756
0.08030854819518812
0.07997698305440305
0.07964738231659883
0.07931973807859198
0.07899403207960608
0.07867023938994273
0.07834835606526817
0.07802835785734281
0.07771023261830608
0.07739395117893538
0.07707951194332094
0.07676689577113943
0.07645608472189822
0.07614706581505987
0.0758398168567241
0.07553433623824757
0.07523060108896244
0.07492859662798014
0.07462831074091494
0.07432972192530411
0.07403282649571385
0.07373760353996409
0.07344404376267256
0.07315211582684332
0.07286182985790246
0.07257316007682346
0.07228610238564052
0.07200062576419675
0.07171673248738489
0.0714344075254223
0.07115363396905253
0.0708743974222412
0.0705967008949014
0.07032050740785332
0.07004582435168928
0.06977262654022381
0.06950091488134044
0.06923067004725272
0.06896188150211528
0.06869453862789648
0.06842862228384985
0.06816413438820255
0.0679010510516246
0.06763936694444185
0.06737906971734298
0.0671201551522539
0.06686259781625226
0.06660640272672645
0.06635154962436951
0.06609802883009909
0.06584583205076698
0.0655949494611569
0.06534537695710492
0.06509709144669619
0.06485008852653934
0.06460436640363652
0.06435990518085334
0.06411669027108366
0.06387472603315299
0.0636340001274814
0.06339449323865459
0.06315620192170882
0.06291911576069077
0.06268322927716047
0.06244853270162167
0.06221501904075002
0.061982672228492776
0.061751492783143964
0.06152146723844798
0.061292581417649525
0.0610648367475427
0.06083822108029778
0.060612726596529776
0.06038833941027285
0.060165059096598826
0.05994287414163791
0.059721773627771604
0.05950175233265266
0.05928280581117492
0.059064922258180906
0.058848091829934925
0.05863231281870914
0.058417568541176856
0.0582038593320993
0.05799118427503511
0.057779516530760605
0.05756885966406053
0.05735921189470473
0.057150563249076504
0.05694289691511908
0.05673622252898504
0.056530520514828486
0.05632578730617316
0.05612201387400258
0.055919197203977075
0.05571733322540299
0.05551640453656424
0.055316412925488806
0.055117345722093224
0.054919208907388044
0.05472198757513569
0.05452567136212803
0.054330260536460846
0.05413574776230291
0.05394212936438359
0.05374938679829938
0.05355752952556006
0.053366541052355276
0.053176424531821025
0.05298717045305625
0.052798765682967055
0.052611210595233236
0.05242449887572777
0.05223862781201193
0.052053590700990804
0.051869376564363044
0.05168598709340042
0.051503411741823935
0.05132163971157617
0.051140680382518774
0.05096052181229092
0.05078115584953282
0.05060257925571533
0.05042478944041815
0.05024777109450618
0.05007153102357581
0.049896054283430885
0.04972134578960656
0.04954738994066846
0.04937418733252019
0.049201739656257515
0.04903003705398993
0.048859072707152305
0.048688833450495655
0.04851932504038641
0.048350545887458504
0.04818248135897041
0.048015136546386415
0.04784849725851963
0.047682570749314326
0.04751734447334938
0.0473528137614048
0.04718897212143934
0.04702581994107946
0.04686335564725392
0.04670157168794961
0.04654046504604432
0.04638002405398986
0.046220254861389316
0.04606114129177467
0.0459026932113426
0.045744898906057076
0.04558775102542606
0.045431256566158394
0.04527540510903049
0.04512019059955236
0.04496561417411711
0.04481166702389366
0.04465834089679448
0.04450564124285689
0.044353562771929436
0.04420209872570172
0.04405123937830076
0.04390099320743615
0.0437513515933215
0.04360230537996793
0.043453862093786856
0.043306014384507055
0.04315875779946842
0.043012083815481605
0.04286599023880953
0.042720473273189806
0.04257553449715339
0.04243117250550715
0.04228737485841916
0.042144146191798515
0.04200147722815065
0.04185936460713223
0.04171781366317359
0.0415768119260447
0.04143635928835598
0.04129645117101862
0.04115708265106133
0.04101825748185498
0.040879971056977056
0.04074221709565033
0.040604994925201546
0.04046829559627517
0.0403321220075881
0.04019646585492896
0.040061332031191575
0.03992670789889051
0.0397926048803449
0.03965900694715591
0.03952591200833418
0.03939331787944505
0.039261227767011374
0.03912963224355705
0.03899853183160088
0.03886792324373333
0.038737806574186684
0.03860817664200951
0.038479034658913155
0.03835036678441378
0.038222179536522294
0.03809446542884177
0.0379672269137149
0.0378404545346088
0.03771415614020282
0.03758832101477366
0.03746294421324457
0.03733802570087403
0.03721357178362024
0.03708957356262981
0.036966023775860134
0.03684292843838573
0.03672027187288167
0.036598061790627155
0.03647629478850571
0.03635497183693256
0.03623407807804351
0.036113623052647925
0.03599360536945744
0.03587401599644914
0.03575485619846871
0.035636119715308355
0.0355178073020275
0.0353999186276938
0.03528244699037592
0.035165391739486074
0.035048751011570296
0.03493252122027303
0.03481670022403997
0.03470128662810759
0.034586279510002066
0.0344716793991606
0.03435748065867317
0.034243680884203924
0.03413027518601958
0.03401726779524812
0.03390465543090732
0.033792428907330085
0.033680595392102816
0.033569146977025656
0.03345808573959776
0.03334740517829509
0.03323710552784701
0.03312718695763514
0.03301764444899511
0.032908477168330084
0.032799682671998016
0.03269125558491314
0.03258319949088115
0.03247551245601809
0.0323681895950332
0.03226122937820432
0.032154635218079604
0.03204840053895429
0.03194252727546681
0.03183700164217917
0.03173183595732311
0.031627023471865676
0.03152256002363331
0.03141844799186643
0.0313146785515275
0.031211259041491617
0.031108182382082274
0.03100544426550121
0.03090305041618716
0.030800994582352987
0.03069927532505232
0.030597888661883045
0.030496841052526556
0.030396126149024545
0.03029573845388031
0.03019568249487692
0.030095954739709826
0.029996551252776896
0.029897472177575234
0.0297987091687856
0.029700269370794452
0.029602152107550763
0.029504350443297533
0.029406861753600893
0.02930969136810652
0.02921283877964444
0.029116290696483787
0.02902005697517376
0.028924126838706987
0.02882850681572653
0.028733190052923796
0.028638175622223698
0.028543468644100012
0.02844906320185475
0.028354952207768618
0.028261138507850204
0.028167628560479236
0.028074413101467934
0.027981491042615686
0.027888860960845478
0.027796520053661542
0.027704472735735654
0.02761271062969497
0.027521240321528403
0.027430053548899175
0.027339146667377648
0.02724852431355286
0.027158186519856017
0.027068129386161422
0.026978354894661816
0.026888851474991496
0.026799627707754892
0.02671067766315716
0.02662200161698512
0.02653359874591645
0.026445469731571053
0.0263576049791955
0.02627001508598928
0.026182687439974026
0.0260956380641944
0.026008844525593277
0.025922318180256802
0.025836050457568618
0.02575004250266536
0.025664302841715187
0.02557882201695752
0.025493595850962253
0.025408627083824815
0.02532391633902457
0.02523946035662906
0.0251552563033452
0.025071305256914818
0.02498760489667577
0.024904158055527918
0.024820956735424834
0.024738001659010238
0.024655293028725923
0.024572834503026927
0.024490620110997986
0.02440864847189538
0.024326916542928602
0.024245430459328605
0.024164181339694838
0.02408317367418286
0.02400240242670283
0.023921870344558355
0.02384157268897132
0.023761512036083548
0.02368168106376508
0.023602084084632474
0.02352271917825694
0.023443585058910563
0.02336467869232761
0.023286007322352305
0.023207563398953978
0.023129343131505553
0.02305134945329347
0.022973579441911758
0.022896038505242
0.022818720562752647
0.02274162397848411
0.02266474946896266
0.0225880940484346
0.022511659526407282
0.02243544183192461
0.022359443510981437
0.022283657079225937
0.02220808519169582
0.022132727874670917
0.022057586398111003
0.021982659342084966
0.021907940005143046
0.02183343445694749
0.02175914114709978
0.021685060369949025
0.021611180959216478
0.021537513200433428
0.02146404986012439
0.02139079208349426
0.02131773996117492
0.021244889592421608
0.02117224373995391
0.02109980095319875
0.021027559651802294
0.02095551939356821
0.020883680331891932
0.020812037406185483
0.02074059670478911
0.02066935110282351
0.020598300868645364
0.020527449590028446
0.020456791591274278
0.02038633142917275
0.02031606023533096
0.020245984161363733
0.020176095117541648
0.020106404744293163
0.0200369027367426
0.019967589573547537
0.019898466752369826
0.019829531344483224
0.019760784271992068
0.01969222086077445
0.019623843536543853
0.01955564761392324
0.01948763836695212
0.01941981121352463
0.019352168499555792
0.019284710106430215
0.019217436625288905
0.019150335782074163
0.019083416951172976
0.01901668017740401
0.01895011812558511
0.018883735116205055
0.018817529669619866
0.018751499331427647
0.0186856468747653
0.01861997047859061
0.018554465012171346
0.018489137668946463
0.018423979925515983
0.018358995288978604
0.018294183143410164
0.01822954318888557
0.018165071746390985
0.018100765727301876
0.01803663187145751
0.017972667141689016
0.017908868566276877
0.017845239028984487
0.017781774222573196
0.017718475264344377
0.017655345889985467
0.01759237873317278
0.017529570990268865
0.017466928067840233
0.017404446638626628
0.017342128183268538
0.017279968411096556
0.017217974916216853
0.01715614223681241
0.017094465726790464
0.017032949262251226
0.01697159117629304
0.01691039334571476
0.01684934957176309
0.016788463611125237
0.016727734701822265
0.016667159746896795
0.01660673544689563
0.016546464511616184
0.016486353662720984
0.016426393347720385
0.01636658592654475
0.01630693294477681
0.01624742705684696
0.01618807105006519
0.01612886912771346
0.01606981713143162
0.01601091189517206
0.015952153885253888
0.015893547585988807
0.015835085323147792
0.01577677217933228
0.015718603362222895
0.015660579812031766
0.015602703512191304
0.015544969542753976
0.015487385919149948
0.015429940420588205
0.015372639764859515
0.015315483099225606
0.015258467447427846
0.015201590996688191
0.015144856118801717
0.015088264154712374
0.015031810034258396
0.014975498632605656
0.01491932630018111
0.01486328803073549
0.014807386436411649
0.014751628073299296
0.014696006085863819
0.014640514909555417
0.014585164112653946
0.014529948489153175
0.014474870150083268
0.014419924023473401
0.014365112294461328
0.014310431753043567
0.014255889933946914
0.014201484263185892
0.014147204594343958
0.014093057956225846
0.01403904488178722
0.013985162517889619
0.013931407391491736
0.013877782612008073
0.013824289309470848
0.01377092518836541
0.013717688434122525
0.013664580150603886
0.013611601209049464
0.013558748561426389
0.01350602243584168
0.013453420686157097
0.013400945626843217
0.01334859441145036
0.013296372260820175
0.013244273629720183
0.013192302277314306
0.01314045025037282
0.01308872016779213
0.01303711486573246
0.012985634682913498
0.012934274369045531
0.012883036341491187
0.012831917947472123
0.012780921670557872
0.01273004502669607
0.012679292273543818
0.012628655424961827
0.0125781420602362
0.012527745136167598
0.012477463994800906
0.01242730589062087
0.012377261922252018
0.012327337244204584
0.01227752562094381
0.012227832399441179
0.012178254529369551
0.012128792699138805
0.012079446105112171
0.012030217071709925
0.011981102081523951
0.011932096083619623
0.011883208250258155
0.011834431468437654
0.01178577265413521
0.01173722288279619
0.011688782795301297
0.011640457261399962
0.011592244215311312
0.011544141529355258
0.011496148924483083
0.011448264433713658
0.011400492929313472
0.011352829438561056
0.011305275220925589
0.011257833566399688
0.011210497292118322
0.01116326929010724
0.01111615042206515
0.011069138264489783
0.011022230808463844
0.010975435396046285
0.010928745655647384
0.010882159964208566
0.010835680731207682
0.0107893075730874
0.010743040218621523
0.010696873053855005
0.010650815355199498
0.01060485945359324
0.010559008448648861
0.010513257421931252
0.010467614670151315
0.01042207247226092
0.010376633889621513
0.010331296762684903
0.010286058926920444
0.01024092784614698
0.010195897945272881
0.010150966050783548
0.010106133494286162
0.010061399095318538
0.01001676505316861
0.009972235190777543
0.009927803016563045
0.009883470890401182
0.009839233485120901
0.00979509667882172
0.009751059418885011
0.00970711511611161
0.009663271217205047
0.009619525125445415
0.009575873923326421
0.009532324492313537
0.00948886423756352
0.009445501541780785
0.009402237310613213
0.009359065718840872
0.009315990691749647
0.009273011275887073
0.009230124165976334
0.009187332572171948
0.00914463191971164
0.009102023921870322
0.009059515789767325
0.009017096255497507
0.008974770715848547
0.00893253714265046
0.008890395178538922
0.0088483429171506
0.008806382662183363
0.008764516574714866
0.008722739996672061
0.008681055952692859
0.008639459753823844
0.00859795473973898
0.008556540942218848
0.008515216597981802
0.008473978572908212
0.008432832109792603
0.008391775270226413
0.00835080433579999
0.008309922935146211
0.008269129491688497
0.008228424913008155
0.008187805893657796
0.008147274131927132
0.008106830155839897
0.0080664717018901
0.008026201287360306
0.007986014453653437
0.007945914637742219
0.007905901200759928
0.007865971613861222
0.00782612568683808
0.00778637165444286
0.007746697251678395
0.007707107530602708
0.007667599879251761
0.007628177260501182
0.007588837236251142
0.007549584046042864
0.007510413870667494
0.007471324323439402
0.007432316441971077
0.007393392224993239
0.0073545492473313535
0.007315787889200876
0.0072771098978136484
0.007238512860170291
0.007200001747179019
0.00716156801061411
0.007123215331017058
0.007084944300475549
0.007046753556617746
0.0070086393972935
0.006970606009993452
0.006932653289399934
0.006894780491306918
0.006856985993748383
0.006819271414767786
0.006781630287247604
0.006744070864127124
0.006706587915854122
0.006669183418172227
0.006631856608007991
0.006594607593654265
0.006557438673004843
0.006520343455755288
0.006483327579839782
0.006446389220181181
0.006409521206427548
0.006372732570491542
0.00633602138515635
0.0062993855638082755
0.006262828141622874
0.006226344132745393
0.006189932812176568
0.006153597258260823
0.006117336796690304
0.0060811524962948406
0.006045038237368189
0.0060090012749671245
0.005973037326358799
0.005937148837273209
0.0059013309065850065
0.005865586742608521
0.005829917470476572
0.005794319989383061
0.005758793292212836
0.005723340957526301
0.005687960429282025
0.005652649467028664
0.005617416723069933
0.005582249239658569
0.005547157603183671
0.005512137280907492
0.005477184132815248
0.005442304001257394
0.005407491732036932
0.005372753796265838
0.0053380832229069225
0.00530348380780325
0.005268954649805031
0.00523449400316889
0.005200107648179256
0.005165785013125692
0.0051315331778919865
0.005097347581638378
0.005063234450098728
0.005029190570960208
