0.6931471805588971
0.6925932853792502
0.6920403840616957
0.6914884738085715
0.6909375397585095
0.6903875892141218
0.6898386188278176
0.6892906241400437
0.6887435989214823
0.6881975486977113
0.6876524705736577
0.6871083588654376
0.6865652156395671
0.686023039323444
0.685481827914228
0.6849415743389687
0.6844022831442323
0.6838639526789517
0.6833265794954361
0.6827901602233925
0.6822546916701927
0.6817201757690861
0.6811866108855423
0.6806539916524338
0.6801223201749679
0.6795915945178352
0.6790618134050123
0.678532970255653
0.678005067994273
0.6774781055869864
0.6769520774905035
0.676426984441777
0.6759028244978049
0.6753795945032425
0.6748572944590744
0.6743359251558528
0.6738154814219129
0.6732959638857243
0.6727773680953584
0.6722596914634672
0.6717429345226327
0.671227094760651
0.6707121692277099
0.670198159593839
0.6696850649355729
0.6691728834047751
0.6686616106291965
0.6681512448646892
0.6676417826079007
0.667133223320039
0.6666255684266544
0.6661188130809742
0.6656129578506875
0.6651079998303522
0.6646039361530192
0.6641007674474213
0.66359849010145
0.6630971026271528
0.6625966073254566
0.662096997967789
0.6615982763396034
0.6611004382905543
0.6606034829481255
0.6601074086274819
0.6596122139469702
0.6591178925960125
0.6586244506933071
0.6581318844090434
0.6576401923369536
0.6571493703577369
0.6566594172350081
0.6561703307520834
0.6556821101537516
0.6551947562078845
0.6547082647547781
0.6542226343535629
0.6537378627890921
0.6532539506802846
0.6527708942641556
0.6522886936473531
0.6518073488477079
0.6513268554845829
0.6508472123600975
0.6503684199556523
0.6498904728864766
0.6494133712723588
0.648937115602691
0.6484617018784876
0.6479871293759817
0.6475133974968345
0.6470404995435977
0.6465684375448001
0.646097207677243
0.645626811870944
0.6451572481113239
0.644688515957387
0.6442206102373066
0.643753528957832
0.643287275001321
0.6428218422293637
0.6423572328825354
0.641893443713319
0.6414304717466314
0.640968319173796
0.6405069828631466
0.6400464620494861
0.6395867531128023
0.6391278549590407
0.63866976828409
0.6382124862612226
0.637756011892903
0.6373003451315646
0.6368454809414762
0.6363914206268457
0.635938158448509
0.6354856973418634
0.635034032151129
0.6345831634631391
0.6341330885714607
0.6336838057417296
0.6332353123761376
0.6327876109509555
0.632340696125982
0.6318945688949889
0.6314492296507601
0.6310046735695666
0.6305609015470686
0.6301179103281281
0.6296756990501429
0.6292342638184436
0.6287936057218054
0.6283537217741934
0.6279146090798139
0.6274762702999578
0.6270387039553287
0.6266019051977795
0.6261658727234175
0.6257306056654597
0.6252961059938822
0.624862367739641
0.6244293910077451
0.6239971748257248
0.6235657182162113
0.623135017775374
0.6227050744228863
0.6222758830442522
0.6218474447362047
0.6214197597635381
0.620992825464376
0.6205666407459683
0.6201412061325037
0.6197165166273003
0.6192925692940486
0.6188693650171232
0.6184469043581153
0.6180251823596419
0.6176041999482867
0.6171839539716224
0.6167644436186885
0.6163456674334599
0.6159276263927844
0.6155103138318921
0.6150937340814634
0.6146778819451708
0.6142627585096184
0.6138483607371689
0.6134346875392753
0.6130217362192437
0.6126095092424249
0.6121980013657323
0.6117872121299236
0.6113771398264156
0.6109677837247567
0.6105591429872884
0.6101512174781301
0.6097440014228566
0.6093375007281155
0.6089317087622452
0.6085266248913611
0.6081222438881124
0.6077185700456411
0.6073156002624999
0.6069133344657972
0.6065117691361669
0.6061109048570813
0.6057107370238225
0.6053112668154421
0.6049124926897195
0.6045144135832483
0.6041170285957533
0.6037203364142446
0.6033243359149802
0.6029290229114329
0.6025343999802383
0.602140458263934
0.6017472043962916
0.6013546314265242
0.6009627456248682
0.6005715371531966
0.6001810069159866
0.5997911609379298
0.5994019941064332
0.5990135004759831
0.5986256808613306
0.5982385346492319
0.5978520636185373
0.5974662596454673
0.5970811256242821
0.5966966600089709
0.5963128624396378
0.5959297276082051
0.5955472548634886
0.5951654504607846
0.5947843096512615
0.5944038273028491
0.5940240064083586
0.5936448424746024
0.5932663318171129
0.5928884791803738
0.5925112769510684
0.5921347271911453
0.5917588297666948
0.5913835827369367
0.5910089861884275
0.5906350384063103
0.5902617352231037
0.5898890793240618
0.5895170686015817
0.5891456989487781
0.5887749734728405
0.5884048874945105
0.5880354365009626
0.5876666268318965
0.5872984535340565
0.586930912081591
0.586564004600761
0.5861977309432299
0.5858320897782989
0.5854670769368083
0.5851026950000983
0.5847389423077881
0.5843758145991182
0.584013311500955
0.5836514320965656
0.5832901747698332
0.5829295419554534
0.5825695293242452
0.5822101362483652
0.5818513581229862
0.5814932011955438
0.5811356568395496
0.5807787249322887
0.5804224110148909
0.5800667077798163
0.5797116170351093
0.5793571347918692
0.5790032632405552
0.5786499983192487
0.5782973357291374
0.5779452808415136
0.5775938334756341
0.5772429855676835
0.5768927393180407
0.5765430905805083
0.5761940416502196
0.5758455950607091
0.5754977401440473
0.5751504824193038
0.5748038176827855
0.5744577451033713
0.5741122665936312
0.5737673816230371
0.5734230856335917
0.5730793782196917
0.5727362585878885
0.5723937219910787
0.5720517743491563
0.5717104110547212
0.5713696284650465
0.5710294287702025
0.5706898113978387
0.5703507744013321
0.5700123109556511
0.5696744274413149
0.5693371186319744
0.5690003843190011
0.5686642265560464
0.5683286413692121
0.5679936278234986
0.5676591848268361
0.5673253110332719
0.5669920062272173
0.5666592697974978
0.5663271002814463
0.5659954936550163
0.5656644493092604
0.5653339692657223
0.5650040498172744
0.5646746897856337
0.5643458882603752
0.5640176478423772
0.5636899680478655
0.5633628405518452
0.5630362683592174
0.5627102532983638
0.5623847891457934
0.5620598805738686
0.5617355206106405
0.5614117082592627
0.561088446038542
0.5607657295798794
0.5604435611629401
0.5601219379417549
0.5598008574797753
0.5594803198199373
0.5591603268901979
0.5588408746245651
0.5585219627359116
0.5582035898962652
0.5578857558335504
0.5575684589389607
0.5572516989488924
0.55693547484519
0.5566197826772431
0.5563046251596815
0.5559899977320842
0.5556759028084487
0.5553623360003139
0.555049297344577
0.5547367854908822
0.5544247999661858
0.5541133399842004
0.553802404818461
0.5534919931898573
0.5531821075328847
0.5528727409649289
0.5525638950981988
0.55225557025869
0.5519477617917223
0.5516404719416861
0.5513336968986493
0.551027436581521
0.5507216898794128
0.5504164551775038
0.5501117359680984
0.5498075303311988
0.5495038345906174
0.5492006482006832
0.5488979707449072
0.5485958008692087
0.5482941384158964
0.5479929790216519
0.547692321722123
0.547392169468433
0.547092520767195
0.5467933720030349
0.5464947255841247
0.5461965779720699
0.5458989314875787
0.5456017809807785
0.5453051275569523
0.5450089697125644
0.5447133059378604
0.5444181329105027
0.5441234561122461
0.5438292694396034
0.543535573471357
0.5432423677311771
0.5429496500261528
0.5426574179907924
0.5423656751706267
0.5420744198050874
0.541783648990513
0.541493363556337
0.5412035603741879
0.5409142404220244
0.5406254013081826
0.5403370415334344
0.5400491625299916
0.5397617618026164
0.5394748356391709
0.5391883877490974
0.5389024158415621
0.5386169196585223
0.5383318989039932
0.5380473487668787
0.5377632693786185
0.5374796644089624
0.5371965242675106
0.5369138569709399
0.5366316595181154
0.5363499296798848
0.5360686629095883
0.5357878649135904
0.5355075320191053
0.5352276622286279
0.5349482559735295
0.5346693095221523
0.5343908253482462
0.5341128023092506
0.5338352369181689
0.5335581321905241
0.5332814836440888
0.5330052896183441
0.532729550743963
0.5324542695123888
0.5321794415637763
0.5319050667539853
0.5316311432785522
0.5313576710145494
0.531084650512131
0.5308120821844269
0.5305399608548674
0.5302682875976696
0.5299970591213761
0.5297262751428761
0.529455937731373
0.5291860459643883
0.5289165995803436
0.5286475938857553
0.5283790270232883
0.5281109061222281
0.5278432242676674
0.5275759783137245
0.5273091734135118
0.5270428039311361
0.5267768714041363
0.5265113776249966
0.5262463167665704
0.5259816907710652
0.5257174953455992
0.525453736627927
0.5251904078842523
0.524927508210096
0.5246650375268812
0.5244029950815229
0.524141384922602
0.5238802016535803
0.5236194450667788
0.523359112884111
0.5230992056886613
0.5228397225964927
0.5225806634735682
0.5223220236893069
0.522063805768283
0.5218060090616259
0.5215486309157145
0.521291672521122
0.5210351389226702
0.5207790217766888
0.520523317296709
0.520268027385586
0.5200131548344574
0.5197586958950137
0.5195046502978092
0.519251018991987
0.518997802250551
0.5187449938061492
0.5184925986513356
0.5182406154509183
0.5179890336474523
0.517737862533324
0.517487096721577
0.5172367413373669
0.5169867892870883
0.5167372400835772
0.5164880988851802
0.5162393603332659
0.5159910227999981
0.5157430858752238
0.5154955540325786
0.5152484221887939
0.5150016835603055
0.5147553494573693
0.5145094072348413
0.5142638672012468
0.5140187236524757
0.5137739703763051
0.5135296184846615
0.5132856552561392
0.5130420857808746
0.5127989101679403
0.512556127464626
0.5123137315036368
0.5120717274462824
0.5118301144194666
0.5115888916514398
0.5113480534138766
0.511107604580807
0.5108675385029572
0.5106278603579436
0.5103885702603344
0.5101496663780926
0.5099111441471234
0.5096730019274412
0.509435244646617
0.5091978667680562
0.5089608671423891
0.5087242512340813
0.5084880127346836
0.5082521510698262
0.5080166655583717
0.5077815614823619
0.5075468324134719
0.5073124784781756
0.5070784978227731
0.5068448903841793
0.5066116616030283
0.5063788045328561
0.5061463191312064
0.5059142000568775
0.5056824512516915
0.5054510780844587
0.5052200739763694
0.504989438473681
0.5047591667577616
0.5045292626559704
0.5042997255512888
0.5040705554275999
0.5038417458359857
0.5036133020921199
0.5033852234608538
0.503157504323076
0.5029301487883914
0.502703156204376
0.5024765211316822
0.5022502488137949
0.5020243377028601
0.5017987827081676
0.5015735886138007
0.5013487491905783
0.5011242636055163
0.5009001323362274
0.5006763593243604
0.5004529391840832
0.5002298760507582
0.5000071589173626
0.4997847986293526
0.49956278960246214
0.49934113556723936
0.49911983034643176
0.4988988690307434
0.49867826131805637
0.4984580013328058
0.4982380935943331
0.4980185276628231
0.49779930780867127
0.49758043877788793
0.49736190972144534
0.49714372577811716
0.4969258866850824
0.4967083916716138
0.4964912387325334
0.49627442334986405
0.4960579506105587
0.49584182457814685
0.4956260342154633
0.49541058500099405
0.49519547090214167
0.49498069621199253
0.4947662553123872
0.49455215801116276
0.49433839407346153
0.4941249678840926
0.49391187329558645
0.4936991147987591
0.49348668774086357
0.4932745914851875
0.49306283062522976
0.4928513979534237
0.4926403000753403
0.49242953075146256
0.4922190888924379
0.4920089794209427
0.4917991971762195
0.4915897419855158
0.49138061720162757
0.4911718177704024
0.4909633389629996
0.49075518971820997
0.49054736505452834
0.490339863558377
0.49013268506312413
0.489925829394652
0.48971929541673304
0.48951308368571333
0.48930719228254765
0.4891016219154683
0.4888963668275536
0.4886914313834734
0.48848681993851845
0.48828252307771575
0.4880785434138493
0.48787488179437694
0.48767153776589456
0.4874685061430389
0.48726579549755733
0.4870633956577279
0.48686131161007595
0.4866595416778959
0.48645808193702417
0.4862569365753982
0.4860560998580048
0.48585557550913444
0.4856553600879306
0.4854554565224534
0.4852558641833062
0.485056573036589
0.48485759233352127
0.48465891805424155
0.4844605491030325
0.48426248930385607
0.48406473386037757
0.4838672868003868
0.48367014243230627
0.4834733006016541
0.4832767649625613
0.4830805268112712
0.4828845908695501
0.48268896109405385
0.4824936311771619
0.48229860575302874
0.4821038752014409
0.48190944367239674
0.48171531168590104
0.48152148256524674
0.4813279457614063
0.48113470619419296
0.4809417640129649
0.4807491181164283
0.48055676798016544
0.4803647131984125
0.4801729488175557
0.47998147976693545
0.4797903056422983
0.47959942447999027
0.47940883664270223
0.4792185363127001
0.47902852836631127
0.47883881263549094
0.4786493845023504
0.47846024829745243
0.4782713967901791
0.47808283656159667
0.47789456067800123
0.47770657538224476
0.47751887321335773
0.4773314602646432
0.4771443308061529
0.47695748933148674
0.4767709306096363
0.47658465846728865
0.47639866848418344
0.47621295945008224
0.47602753670838416
0.475842389177735
0.47565752746982587
0.47547294506251125
0.4752886417316892
0.47510462209174703
0.47492088082055084
0.47473741371921874
0.47455422862801444
0.4743713197870146
0.4741886888668254
0.47400633858667635
0.4738242591634999
0.47364245669745114
0.47346092901933695
0.4732796764465304
0.47309869818567934
0.47291799362594183
0.4727375581030983
0.47255740067850766
0.4723775167571161
0.4721978999548153
0.4720185549311776
0.47183948112854557
0.4716606746763326
0.471482143724651
0.47130387876079227
0.47112588348296053
0.4709481575157602
0.47077069631036284
0.47059350413935735
0.4704165759238739
0.47023991561198303
0.4700635184149188
0.46988738844495115
0.46971152086766144
0.4695359196978715
0.4693605800095987
0.46918550128030506
0.46901068816592784
0.4688361357107251
0.46866184747125267
0.4684878195624015
0.46831405114028185
0.4681405450675273
0.4679672984012682
0.4677943100706096
0.4676215833306715
0.4674491139891674
0.46727690208846284
0.4671049504245439
0.46693325034831185
0.4667618067489892
0.46659061851991857
0.46641969002360645
0.4662490164980423
0.46607859234913673
0.4659084221527696
0.4657385058085349
0.46556884755335715
0.4653994374248788
0.46523027943252954
0.46506137420354215
0.46489272090399636
0.46472431853176716
0.4645561672038273
0.46438826685447243
0.46422061686290533
0.46405321192537385
0.4638860567988115
0.4637191512338846
0.46355249485887545
0.4633860822485557
0.46321991775958316
0.46305399621350235
0.46288832272403624
0.46272289659640115
0.4625577119990667
0.46239277443836146
0.46222807801496574
0.46206362793684125
0.4618994176588891
0.4617354531227972
0.46157172834281585
0.46140824796909824
0.46124500673033153
0.46108200507211955
0.4609192425586065
0.4607567224038919
0.46059444022821666
0.4604324003365966
0.46027059803789155
0.4601090326507301
0.4599477043958727
0.45978661645871477
0.45962576496935287
0.45946515360388634
0.4593047733589347
0.4591446281641716
0.4589847217937752
0.45882504981556155
0.4586656076269341
0.45850640361716527
0.4583474324564519
0.45818868999618234
0.4580301848224462
0.4578719121287507
0.457713867316289
0.45755605364812046
0.45739847573922987
0.4572411243708206
0.4570840038680355
0.4569271147687523
0.4567704551780112
0.45661402480036234
0.4564578193354692
0.4563018426419496
0.4561460955979461
0.45599057684023553
0.45583528148990027
0.4556802133551963
0.455525368072084
0.45537075466961213
0.45521636364229595
0.455062199140868
0.45490825645692684
0.454754540104339
0.4546010446199985
0.4544477739571565
0.4542947239433959
0.45414189429530955
0.4539892893820817
0.45383690431356016
0.4536847419464926
0.45353280310602956
0.4533810825414832
0.4532295842206643
0.4530783040422592
0.4529272418439139
0.45277640179999074
0.45262577862123404
0.4524753721722289
0.4523251827927187
0.4521752137131589
0.45202545671793104
0.45187591451122205
0.4517265911300779
0.4515774830008531
0.45142859020255205
0.45127991167208414
0.4511314468742012
0.4509832000079699
0.45083516634446397
0.4506873462753428
0.45053973471039604
0.4503923349761411
0.4502451483976764
0.45009817731676777
0.4499514183924553
0.44980486594903496
0.4496585247746306
0.449512394650826
0.44936647531360197
0.4492207651230762
0.44907526125679004
0.4489299668352077
0.4487848817335794
0.44864000613616467
0.4484953335866547
0.4483508705122043
0.44820661537490336
0.4480625680253547
0.4479187242123373
0.44777508686133455
0.4476316570491671
0.4474884291704552
0.4473454083830088
0.4472025894842824
0.4470599755947877
0.4469175673871446
0.44677535978835575
0.4466333576504602
0.4464915561299374
0.44634995431665214
0.44620855720786395
0.44606735907289985
0.44592636449564255
0.4457855690190678
0.4456449754950985
0.4455045818367455
0.44536438584244253
0.4452243923882298
0.4450845961681812
0.44494500086125255
0.4448055993061029
0.4446663990229079
0.4445273950078583
0.44438859046755486
0.44424997905110547
0.4441115669310225
0.44397335042517555
0.4438353248616484
0.44369749837425126
0.4435598664275718
0.44342242960057143
0.44328518649355686
0.4431481364948463
0.44301128089384245
0.44287461770345815
0.4427381512692674
0.44260187417795693
0.44246578997887476
0.4423298976095353
0.44219419766516066
0.44205868834637085
0.4419233708241626
0.44178824435464153
0.4416533057518856
0.4415185598844105
0.4413840023484268
0.44124963255811595
0.4411154499672347
0.44098146131770527
0.44084765767094003
0.4407140428446257
0.440580617697135
0.44044738061529626
0.44031432816324545
0.44018146246498513
0.4400487812019549
0.43991628410406614
0.43978397308452843
0.43965185108665183
0.4395199135665673
0.439388159302678
0.43925658661850764
0.4391252000918838
0.4389939958528298
0.43886298053492573
0.4387321469208769
0.438601494287154
0.4384710255670863
0.4383407377092661
0.43821063022248413
0.43808070260018905
0.4379509577218343
0.4378213922972469
0.4376920061243112
0.43756280715432977
0.43743378756492884
0.43730494564183625
0.43717628224074295
0.43704779747960515
0.43691949319012596
0.4367913671096266
0.4366634181099301
0.43653564212648566
0.43640804764163776
0.43628062771925213
0.4361533855424218
0.4360263184118242
0.43589942753319794
0.43577271189041294
0.4356461724354408
0.4355198086496271
0.4353936217254163
0.43526761022273797
0.43514177276998706
0.4350161109356097
0.4348906208223073
0.4347653048032782
0.43464015901425596
0.43451518508207526
0.43439038586230694
0.43426575902921516
0.4341413025377073
0.43401702004595893
0.4338929059769066
0.43376896239706025
0.4336451902087325
0.4335215883174686
0.4333981558902195
0.4332748934255065
0.43315180116956964
0.43302887961081726
0.4329061245330148
0.43278353821395193
0.43266112231451853
0.43253887613703595
0.43241679473223865
0.43229488157852713
0.4321731383479117
0.43205155521913674
0.4319301405093708
0.4318088938017498
0.4316878115731071
0.4315668968344533
0.4314461488665421
0.4313255646244005
0.4312051439274341
0.4310848910325664
0.43096479947643546
0.43084487385879916
0.43072511421045523
0.430605513000591
0.4304860772329372
0.4303668074342789
0.4302476985328564
0.4301287503518113
0.43000996154247156
0.4298913383232573
0.42977287724288626
0.42965457593700807
0.42953643429889865
0.42941845515683547
0.42930063183274364
0.4291829723206259
0.4290654720703112
0.42894813172035223
0.42883094862364995
0.4287139278227396
0.42859706214608273
0.42848035787273236
0.42836380722798945
0.4282474185568194
0.42813118669990685
0.4280151130825245
0.4278991956762578
0.42778343325855084
0.42766783036200057
0.4275523833385445
0.42743709202606167
0.4273219565160981
0.4272069765999895
0.42709215179411525
0.42697747910528916
0.42686296602862006
0.42674860402760956
0.42663439996846936
0.42652034753023194
0.4264064490022082
0.4262927004466956
0.4261791098533859
0.42606566971273074
0.4259523827188189
0.4258392450657852
0.4257262644210355
