0.2354048192501068
0.13582007586956024
0.08896384388208389
0.06415224075317383
0.04936644062399864
0.039849501103162766
0.03341418504714966
0.028918731957674026
0.025706445798277855
0.023370781913399696
0.021646568551659584
0.02035447210073471
0.01937033236026764
0.01860756240785122
0.018004322424530983
0.017517320811748505
0.017115408554673195
0.016776178032159805
0.01648356206715107
0.0162259042263031
0.015994837507605553
0.01578403450548649
0.015589188784360886
0.015406729653477669
0.015234256163239479
0.015069806016981602
0.014912175014615059
0.014759975485503674
0.014612575061619282
0.014469265937805176
0.014329764991998672
0.014193380251526833
0.014059975743293762
0.013929172419011593
0.013800950720906258
0.013675074093043804
0.013551349751651287
0.01342980656772852
0.01331023033708334
0.013192478567361832
0.013076621107757092
0.01296252105385065
0.012850131839513779
0.012739470228552818
0.012630360201001167
0.012522833421826363
0.012416896410286427
0.01231238804757595
0.012209456413984299
0.0121079096570611
0.012007779441773891
0.011909136548638344
0.011811752803623676
0.011715718545019627
0.0116210225969553
0.011527596972882748
0.011435489170253277
0.011344517581164837
0.011254816316068172
0.011166374199092388
0.011079060845077038
0.010992858558893204
0.010907880961894989
0.010823997668921947
0.010741195641458035
0.010659454390406609
0.010578865185379982
0.010499282740056515
0.010420703329145908
0.010343233123421669
0.010266661643981934
0.01019111555069685
0.010116524063050747
0.010042920708656311
0.009970207698643208
0.009898467920720577
0.009827596135437489
0.009757609106600285
0.009688496589660645
0.009620293974876404
0.009552937932312489
0.009486333467066288
0.009420590475201607
0.009355678223073483
0.009291548281908035
0.009228184819221497
0.009165650233626366
0.009103814139962196
0.009042713791131973
0.008982396684587002
0.008922761306166649
0.00886381883174181
0.008805586956441402
0.008748088963329792
0.008691213093698025
0.008635058999061584
0.008579536341130733
0.008524654433131218
0.008470412343740463
0.008416766300797462
0.008363735862076283
0.008311375975608826
0.008259564638137817
0.008208326995372772
0.008157696574926376
0.008107630535960197
0.008058150298893452
0.00800919160246849
0.007960798218846321
0.007912877947092056
0.00786551833152771
0.007818645797669888
0.007772347424179316
0.00772652355954051
0.007681180257350206
0.007636310998350382
0.007592004258185625
0.007548123598098755
0.007504693698137999
0.007461742497980595
0.007419237866997719
0.007377158384770155
0.007335534319281578
0.007294341456145048
0.00725359795615077
0.007213277742266655
0.007173357531428337
0.007133816368877888
0.0070947096683084965
0.007056002970784903
0.007017670199275017
0.006979735102504492
0.006942163687199354
0.006904962472617626
0.006868163123726845
0.0068317074328660965
0.006795624271035194
0.006759910378605127
0.006724509410560131
0.006689485162496567
0.006654771044850349
0.006620404310524464
0.006586345843970776
0.00655263289809227
0.006519240792840719
0.00648619094863534
0.006453412119299173
0.006420979741960764
0.006388849578797817
0.006356977857649326
0.006325429771095514
0.00629415875300765
0.006263185292482376
0.006232496351003647
0.006202104035764933
0.006171972956508398
0.006142137106508017
0.006112558301538229
0.006083224434405565
0.006054189056158066
0.006025388371199369
0.00599683215841651
0.005968560464680195
0.005940509028732777
0.00591276353225112
0.005885214079171419
0.005857919342815876
0.005830874666571617
0.005804052576422691
0.005777464248239994
0.005751088727265596
0.005724949296563864
0.0056990464217960835
0.0056733423843979836
0.005647859536111355
0.005622615106403828
0.005597569048404694
0.00557275116443634
0.00554809020832181
0.005523663014173508
0.005499470047652721
0.005475451238453388
0.005451626610010862
0.005427998956292868
0.00540456548333168
0.005381332710385323
0.00535828759893775
0.005335425026714802
0.005312735680490732
0.005290230270475149
0.005267932545393705
0.00524581503123045
0.005223823711276054
0.0052020493894815445
0.005180445499718189
0.005158970132470131
0.005137707572430372
0.00511661171913147
0.00509564857929945
0.005074886605143547
0.005054270848631859
0.0050337850116193295
0.005013486370444298
0.004993339069187641
0.004973343573510647
0.004953501746058464
0.004933811258524656
0.004914264194667339
0.00489483866840601
0.004875590093433857
0.004856502171605825
0.004837545566260815
0.00481871422380209
0.004800031892955303
0.00478146830573678
0.00476306676864624
0.00474479328840971
0.004726641345769167
0.00470863888040185
0.0046907709911465645
0.004673034884035587
0.004655422177165747
0.004637920297682285
0.004620553459972143
0.004603320732712746
0.004586205817759037
0.00456921337172389
0.004552328027784824
0.00453556515276432
0.004518929403275251
0.004502420779317617
0.004486003890633583
0.004469720181077719
0.004453519359230995
0.004437461029738188
0.00442151352763176
0.004405653104186058
0.004389936104416847
0.004374312236905098
0.004358790349215269
0.0043433718383312225
0.004328062757849693
0.004312844946980476
0.004297741688787937
0.0042827739380300045
0.0042678555473685265
0.004253070335835218
0.0042383563704788685
0.00422374764457345
0.0042092520743608475
0.004194841254502535
0.004180511459708214
0.004166286438703537
0.004152159206569195
0.004138118587434292
0.00412417110055685
0.004110322799533606
0.004096555523574352
0.004082877188920975
0.004069289192557335
0.004055808763951063
0.004042381886392832
0.004029053263366222
0.004015828017145395
0.004002661909908056
0.003989596851170063
0.003976600710302591
0.003963689785450697
0.003950853366404772
0.003938097972422838
0.003925432451069355
0.003912841435521841
0.0039003381971269846
0.0038879027124494314
0.0038755349814891815
0.0038632643409073353
0.003851067740470171
0.003838924691081047
0.0038268675561994314
0.0038149040192365646
0.0038029812276363373
0.003791128983721137
0.0037793628871440887
0.0037676766514778137
0.0037560597993433475
0.0037444995250552893
0.0037330114282667637
0.003721591318026185
0.003710235934704542
0.0036989704240113497
0.003687746822834015
0.003676601918414235
0.0036655112635344267
0.003654498141258955
0.003643541131168604
0.0036326556000858545
0.003621840849518776
0.003611064050346613
0.003600364550948143
0.00358973047696054
0.003579156007617712
0.003568630665540695
0.00355818890966475
0.0035477979108691216
0.003537467448040843
0.0035271751694381237
0.0035169494803994894
0.003506794571876526
0.0034966773819178343
0.003486624453216791
0.0034766369499266148
0.0034667090512812138
0.003456837497651577
0.00344700925052166
0.0034372317604720592
0.003427525283768773
0.0034178628120571375
0.003408270888030529
0.003398710861802101
0.00338920415379107
0.0033797447104007006
0.003370356746017933
0.003360999282449484
0.003351717023178935
0.0033424729481339455
0.0033332763705402613
0.003324131015688181
0.0033150354865938425
0.0033059928100556135
0.0032969980966299772
0.0032880317885428667
0.0032791346311569214
0.003270281245931983
0.003261480014771223
0.003252714639529586
0.0032439979258924723
0.003235332667827606
0.003226709784939885
0.0032181215938180685
0.0032095960341393948
0.0032011084258556366
0.0031926590017974377
0.003184258472174406
0.0031759075354784727
0.003167591290548444
0.0031593285966664553
0.0031511017587035894
0.003142912872135639
0.003134762169793248
0.0031266689766198397
0.0031186037231236696
0.0031105908565223217
0.003102610120549798
0.0030946729239076376
0.0030867832247167826
0.003078919369727373
0.003071095095947385
0.0030633225105702877
0.003055582521483302
0.0030478828120976686
0.0030402245465666056
0.0030325923580676317
0.0030250209383666515
0.0030174560379236937
0.003009944688528776
0.0030024799052625895
0.002995049115270376
0.002987637184560299
0.0029802739154547453
0.002972942776978016
0.0029656386468559504
0.0029583910945802927
0.002951170550659299
0.0029439895879477262
0.002936840523034334
0.002929724520072341
0.0029226390179246664
0.002915593096986413
0.0029085748828947544
0.0029015932232141495
0.00289463740773499
0.002887721173465252
0.002880844520404935
0.0028739944100379944
0.002867185976356268
0.0028603938408195972
0.0028536405880004168
0.002846917137503624
0.002840228145942092
0.002833566628396511
0.002826947020366788
0.002820349531248212
0.0028137860354036093
0.0028072490822523832
0.0028007389046251774
0.002794265281409025
0.0027878175023943186
0.00278140464797616
0.0027750188019126654
0.002768660429865122
0.0027623409405350685
0.0027560365851968527
0.002749763196334243
0.0027435210067778826
0.0027373151388019323
0.0027311299927532673
0.0027249748818576336
0.002718840492889285
0.0027127417270094156
0.002706666011363268
0.0027006249874830246
0.002694598399102688
0.0026886046398431063
0.0026826446410268545
0.0026766916271299124
0.002670788438990712
0.002664901316165924
0.0026590258348733187
0.0026531927287578583
0.002647381741553545
0.002641604281961918
0.002635848242789507
0.002630113158375025
0.00262440019287169
0.002618725411593914
0.002613055519759655
0.00260742474347353
0.002601815154775977
0.002596223261207342
0.0025906700175255537
0.0025851281825453043
0.002579618478193879
0.0025741292629390955
0.0025686544831842184
0.0025632032193243504
0.0025577875785529613
0.002552390331402421
0.0025470168329775333
0.002541663357988
0.0025363306049257517
0.0025310281198471785
0.0025257437955588102
0.002520478330552578
0.002515237545594573
0.002510025165975094
0.0025048202369362116
0.0024996537249535322
0.002494492568075657
0.002489357953891158
0.0024842459242790937
0.0024791527539491653
0.0024740772787481546
0.002469028113409877
0.002464008517563343
0.00245899916626513
0.002454012632369995
0.002449055900797248
0.0024440991692245007
0.0024391745682805777
0.0024342695251107216
0.002429387765005231
0.0024245204403996468
0.0024196726735681295
0.002414845395833254
0.0024100407026708126
0.0024052562657743692
0.0024004944134503603
0.002395729999989271
0.00239100051112473
0.0023862814996391535
0.002381587866693735
0.002376912161707878
0.002372259274125099
0.0023676236160099506
0.002363003557547927
0.002358396537601948
0.0023538111709058285
0.002349244197830558
0.002344689331948757
0.002340161707252264
0.0023356520105153322
0.0023311502300202847
0.002326676854863763
0.0023222167510539293
0.002317774808034301
0.002313347067683935
0.002308944007381797
0.0023045549169182777
0.0023001818917691708
0.002295824233442545
0.0022914723958820105
0.00228715012781322
0.0022828381042927504
0.0022785451728850603
0.0022742687724530697
0.002270007273182273
0.002265757881104946
0.002261534333229065
0.002257318701595068
0.0022531214635819197
0.0022489470429718494
0.002244784962385893
0.00224063522182405
0.0022365045733749866
0.002232380211353302
0.0022282791323959827
0.0022241955157369375
0.002220120280981064
0.0022160576190799475
0.0022120161447674036
0.002207987243309617
0.002203973475843668
0.0021999755408614874
0.0021959994919598103
0.002192033687606454
0.0021880720742046833
0.002184139331802726
0.0021802051924169064
0.002176291309297085
0.0021723932586610317
0.002168511040508747
0.002164636505767703
0.002160782692953944
0.0021569321397691965
0.002153103705495596
0.0021492941305041313
0.002145497826859355
0.0021417071111500263
0.0021379312966018915
0.0021341803949326277
0.0021304329857230186
0.0021267009433358908
0.0021229840349406004
0.0021192708518356085
0.002115584211423993
0.0021118938457220793
0.0021082276944071054
0.002104564569890499
0.002100924728438258
0.0020972993224859238
0.002093682298436761
0.0020900678355246782
0.0020864824764430523
0.0020829064305871725
0.0020793378353118896
0.0020757890306413174
0.0020722434855997562
0.002068709349259734
0.002065187320113182
0.002061680192127824
0.002058187732473016
0.002054701093584299
0.0020512391347438097
0.0020477764774113894
0.002044323366135359
0.0020408870186656713
0.002037462079897523
0.002034057630226016
0.0020306522492319345
0.002027268288657069
0.002023888984695077
0.002020522952079773
0.0020171680953353643
0.0020138199906796217
0.0020104865543544292
0.0020071680191904306
0.0020038483198732138
0.0020005458500236273
0.001997267594560981
0.0019939886406064034
0.001990721793845296
0.0019874630961567163
0.0019842139445245266
0.001980986213311553
0.0019777605775743723
0.001974537270143628
0.0019713432993739843
0.001968149095773697
0.0019649758469313383
0.0019618046935647726
0.0019586363341659307
0.0019554889295250177
0.0019523381488397717
0.0019492191495373845
0.0019460880430415273
0.0019429653184488416
0.001939871464855969
0.0019367749337106943
0.001933701103553176
0.001930628321133554
0.0019275660160928965
0.0019245159346610308
0.0019214763306081295
0.0019184413831681013
0.0019154191249981523
0.0019124100217595696
0.0019094013841822743
0.0019064072985202074
0.0019034197321161628
0.0019004472997039557
0.0018974808044731617
0.0018945247866213322
0.0018915756372734904
0.0018886318430304527
0.0018857006216421723
0.0018827816238626838
0.001879876246675849
0.001876967609860003
0.0018740694504231215
0.0018711891025304794
0.0018683098023757339
0.0018654416780918837
0.001862583216279745
0.0018597396556288004
0.0018569001695141196
0.001854068716056645
0.00185124680865556
0.0018484351458027959
0.0018456303514540195
0.0018428280018270016
0.0018400419503450394
0.001837264047935605
0.0018344882410019636
0.0018317247740924358
0.0018289699219167233
0.0018262244993820786
0.0018234802410006523
0.0018207526300102472
0.0018180356128141284
0.0018153113778680563
0.0018126063514500856
0.0018099041189998388
0.0018072130624204874
0.0018045358592644334
0.0018018641276285052
0.001799193094484508
0.001796532073058188
0.0017938870005309582
0.001791240880265832
0.0017886077985167503
0.0017859835643321276
0.0017833596793934703
0.0017807467374950647
0.001778146717697382
0.0017755450680851936
0.0017729540122672915
0.001770374015904963
0.0017677968135103583
0.00176523148547858
0.0017626751214265823
0.0017601194558665156
0.0017575719393789768
0.0017550360644236207
0.0017525129951536655
0.0017499843379482627
0.0017474673222750425
0.0017449577571824193
0.0017424521502107382
0.00173996074590832
0.0017374734161421657
0.0017349952831864357
0.0017325233202427626
0.001730057643726468
0.0017275915015488863
0.001725142472423613
0.001722697401419282
0.0017202578019350767
0.0017178244888782501
0.0017153980443254113
0.0017129811458289623
0.0017105714650824666
0.0017081645783036947
0.0017057679360732436
0.0017033761832863092
0.0017009893199428916
0.0016986076952889562
0.0016962282825261354
0.001693864818662405
0.0016915110172703862
0.001689162920229137
0.0016868091188371181
0.0016844653291627765
0.0016821330646052957
0.0016798091819509864
0.0016774901887401938
0.001675174804404378
0.0016728682676330209
0.001670566387474537
0.0016682709101587534
0.0016659832326695323
0.0016636998625472188
0.001661424757912755
0.0016591569874435663
0.0016568918945267797
0.0016546309925615788
0.0016523785889148712
0.0016501297941431403
0.0016478901961818337
0.0016456558369100094
0.0016434264834970236
0.0016412148252129555
0.001638991292566061
0.0016367764910683036
0.0016345684416592121
0.0016323721501976252
0.001630178652703762
0.0016279901610687375
0.0016258085379377007
0.0016236304072663188
0.0016214640345424414
0.0016192951006814837
0.001617135712876916
0.0016149756265804172
0.0016128368442878127
0.0016106943367049098
0.0016085568349808455
0.0016064225928857923
0.0016042994102463126
0.0016021784394979477
0.0016000644536688924
0.0015979551244527102
0.001595847774296999
0.0015937499701976776
0.00159165367949754
0.0015895694959908724
0.0015874853124842048
0.0015854074154049158
0.0015833325451239944
0.0015812691999599338
0.001579207950271666
0.0015771545004099607
0.0015751005848869681
0.0015730581944808364
0.0015710170846432447
0.0015689815627411008
0.0015669491840526462
0.0015649267006665468
0.0015629021218046546
0.001560891978442669
0.0015588838141411543
0.0015568753005936742
0.001554871560074389
0.0015528802759945393
0.0015508865471929312
0.0015489008510485291
0.0015469198115170002
0.0015449513448402286
0.0015429791528731585
0.001541011268272996
0.0015390525804832578
0.001537094940431416
0.0015351432375609875
0.0015331944450736046
0.0015312549658119678
0.001529316883534193
0.0015273868339136243
0.0015254521276801825
0.001523529295809567
0.0015216104220598936
0.001519699115306139
0.0015177916502580047
0.0015158853493630886
0.0015139885945245624
0.0015120906755328178
0.0015101985773071647
0.0015083133475854993
0.0015064314939081669
0.0015045579057186842
0.0015026858309283853
0.0015008127084001899
0.0014989462215453386
0.001497086719609797
0.0014952310593798757
0.0014933852944523096
0.0014915344072505832
0.0014896958600729704
0.0014878567308187485
0.001486023422330618
0.0014841962838545442
0.0014823747333139181
0.0014805507380515337
0.0014787333784624934
0.001476919511333108
0.0014751137932762504
0.0014733084244653583
0.0014715151628479362
0.001469719223678112
0.0014679253799840808
0.0014661380555480719
0.0014643538743257523
0.001462576212361455
0.001460800995118916
0.0014590272912755609
0.001457268139347434
0.001455499674193561
0.0014537448296323419
0.0014519906835630536
0.0014502375852316618
0.001448490540497005
0.0014467524597421288
0.001445015543140471
0.0014432761818170547
0.001441545900888741
0.0014398208586499095
0.0014380961656570435
0.0014363816007971764
0.0014346691314131021
0.0014329530531540513
0.0014312464045360684
0.00142953812610358
0.0014278398593887687
0.0014261497417464852
0.0014244546182453632
0.001422765664756298
0.001421082066372037
0.0014193970710039139
0.0014177229022607207
0.0014160509454086423
0.0014143796870484948
0.0014127135509625077
0.0014110557967796922
0.001409398508258164
0.0014077428495511413
0.0014060907997190952
0.0014044438721612096
0.0014028000878170133
0.0014011604944244027
0.001399525790475309
0.0013978881761431694
0.0013962576631456614
0.0013946308754384518
0.0013930094428360462
0.0013913906877860427
0.0013897730968892574
0.001388165052048862
0.0013865565415471792
0.0013849507085978985
0.0013833530247211456
0.0013817499857395887
0.0013801552122458816
0.0013785671908408403
0.0013769802171736956
0.0013753947569057345
0.0013738161651417613
0.0013722410658374429
0.0013706641038879752
0.0013690914493054152
0.0013675260124728084
0.0013659648830071092
0.0013644022401422262
0.0013628376182168722
0.0013612844049930573
0.0013597372453659773
0.0013581902021542192
0.0013566440902650356
0.0013551042648032308
0.0013535604812204838
0.0013520276406779885
0.0013504987582564354
0.0013489688280969858
0.0013474476290866733
0.0013459224719554186
0.001344400574453175
0.0013428881065919995
0.0013413720298558474
0.0013398623559623957
0.0013383554760366678
0.0013368558138608932
0.0013353568501770496
0.001333857886493206
0.0013323614839464426
0.0013308783527463675
0.001329383929260075
0.0013278955593705177
0.0013264180161058903
0.001324939075857401
0.0013234654907137156
0.0013219891116023064
0.0013205226277932525
0.0013190533500164747
0.0013175889616832137
0.0013161302777007222
0.001314670080319047
0.001313215820118785
0.0013117626076564193
0.0013103131204843521
0.0013088693376630545
0.001307426718994975
0.0013059827033430338
0.001304546371102333
0.0013031137641519308
0.0013016844168305397
0.0013002599589526653
0.0012988289818167686
0.0012974024284631014
0.001295982045121491
0.0012945659691467881
0.001293153502047062
0.0012917378917336464
0.001290326239541173
0.00128891970962286
0.0012875206302851439
0.0012861156137660146
0.001284724217839539
0.0012833240907639265
0.0012819336261600256
0.0012805481674149632
0.0012791644548997283
0.001277776318602264
0.0012763922568410635
0.0012750116875395179
0.0012736403150483966
0.0012722673127427697
0.0012708914000540972
0.0012695244513452053
0.0012681600637733936
0.0012667950941249728
0.0012654385063797235
0.0012640790082514286
0.0012627207906916738
0.0012613682774826884
0.001260021235793829
0.0012586733791977167
0.001257329131476581
0.001255985233001411
0.0012546457583084702
0.0012533062836155295
0.0012519729789346457
0.0012506417697295547
0.001249312306754291
0.001247987151145935
0.0012466617627069354
0.0012453369563445449
0.001244017039425671
0.001242706086486578
0.001241388963535428
0.0012400763807818294
0.001238761586137116
0.0012374544749036431
0.0012361508561298251
0.0012348508462309837
0.0012335522333160043
0.0012322536204010248
0.0012309569865465164
0.0012296643108129501
0.0012283779215067625
0.0012270869920030236
0.001225801883265376
0.0012245166581124067
0.001223235740326345
0.001221954938955605
0.0012206811225041747
0.0012194121954962611
0.001218141638673842
0.0012168744578957558
0.0012156077427789569
0.0012143371859565377
0.0012130747782066464
0.0012118155136704445
0.0012105609057471156
0.0012093043187633157
0.001208054251037538
0.001206801040098071
0.001205549342557788
0.0012043067254126072
0.0012030655052512884
0.0012018221896141768
0.0012005899334326386
0.0011993494117632508
0.0011981143616139889
0.0011968811741098762
0.0011956475209444761
0.001194422715343535
0.001193197793327272
0.0011919750832021236
0.0011907522566616535
0.001189530361443758
0.00118831277359277
0.0011870991438627243
0.0011858848156407475
0.0011846728157252073
0.0011834683828055859
0.001182260923087597
0.0011810571886599064
0.00117985880933702
0.001178652048110962
0.0011774549493566155
0.0011762611102312803
0.001175067387521267
0.001173876109533012
0.0011726889060810208
0.0011714978609234095
0.0011703125201165676
0.0011691306717693806
0.0011679449817165732
0.001166767906397581
0.001165594905614853
0.0011644200421869755
0.0011632456444203854
0.0011620778823271394
0.0011609075590968132
