0.6931471805588971
0.6925932853792502
0.6151451185500063
0.5568006850404513
0.5124448596008826
0.4782937683477321
0.45162776323350373
0.4305094026962886
0.4057354714163761
0.38760525589374634
0.373968837059138
0.36346371527968196
0.3551983285287017
0.34551472865105215
0.3383878074011063
0.33295281751610456
0.3286764192706476
0.32361142898782064
0.3197672906056673
0.3152668749700888
0.3101888178906209
0.30438963733102825
0.2940425047182732
0.28151169538889126
0.27150743126799604
0.259594426681709
0.25065208256380506
0.2107516144795846
0.19868788093728038
0.19577482272995667
0.1955862540939617
0.19558487810104908