0.2354048192501068
0.23519165813922882
0.23497912287712097
0.23477235436439514
0.23456190526485443
0.23435239493846893
0.23414412140846252
0.23393796384334564
0.23372893035411835
0.23352058231830597
0.23331403732299805
0.2331061214208603
0.23289822041988373
0.232690691947937
0.23248571157455444
0.23227815330028534
0.232070654630661
0.23186419904232025
0.2316586822271347
0.23145373165607452
0.23124761879444122
0.23104172945022583
0.2308373749256134
0.2306315302848816
0.2304263412952423
0.2302209585905075
0.2300175130367279
0.2298126518726349
0.22960755228996277
0.2294045090675354
0.22920027375221252
0.22899653017520905
0.22879375517368317
0.22858992218971252
0.22838562726974487
0.2281830757856369
0.22797934710979462
0.22777745127677917
0.22757577896118164
0.2273733913898468
0.2271716594696045
0.22697041928768158
0.2267681509256363
0.22656598687171936
0.22636361420154572
0.22616304457187653
0.22596217691898346
0.22576230764389038
0.2255629599094391
0.22536198794841766
0.22516240179538727
0.22496220469474792
0.224762424826622
0.22456346452236176
0.2243637591600418
0.22416570782661438
0.2239667922258377
0.2237670123577118
0.22356918454170227
0.22337016463279724
0.22317251563072205
0.22297462821006775
0.22277671098709106
0.22257909178733826
0.22238336503505707
0.22218520939350128
0.22198759019374847
0.22178976237773895
0.2215936779975891
0.22139762341976166
0.22120238840579987
0.22100627422332764
0.2208097279071808
0.2206144779920578
0.2204192578792572
0.22022458910942078
0.22002926468849182
0.21983475983142853
0.21963973343372345
0.2194441258907318
0.21925009787082672
0.21905581653118134
0.21886110305786133
0.21866817772388458
0.2184746414422989
0.21828065812587738
0.2180875688791275
0.21789433062076569
0.21770136058330536
0.21751010417938232
0.21731819212436676
0.21712645888328552
0.21693389117717743
0.2167416512966156
0.2165497988462448
0.2163594663143158
0.2161685824394226
0.2159772515296936
0.2157871127128601
0.21559545397758484
0.2154051959514618
0.21521569788455963
0.21502527594566345
0.2148352414369583
0.21464510262012482
0.2144557535648346
0.2142663449048996
0.21407665312290192
0.21388928592205048
0.21370002627372742
0.21351048350334167
0.21332161128520966
0.21313391625881195
0.2129463404417038
0.21275821328163147
0.21257077157497406
0.21238350868225098
0.21219642460346222
0.2120097577571869
0.2118234783411026
0.21163688600063324
0.21145087480545044
0.2112639844417572
0.21107733249664307
0.21089135110378265
0.21070510149002075
0.21051910519599915
0.21033386886119843
0.21014995872974396
0.20996487140655518
0.20977984368801117
0.20959584414958954
0.20941154658794403
0.20922675728797913
0.20904269814491272
0.20885984599590302
0.20867642760276794
0.20849181711673737
0.20830902457237244
0.20812669396400452
0.2079443335533142
0.20776060223579407
0.20757915079593658
0.20739664137363434
0.20721493661403656
0.20703351497650146
0.20685093104839325
0.20666901767253876
0.20648734271526337
0.20630553364753723
0.20612512528896332
0.20594489574432373
0.2057642936706543
0.2055835872888565
0.20540353655815125
0.20522397756576538
0.20504385232925415
0.2048645168542862
0.20468521118164062
0.20450516045093536
0.20432662963867188
0.2041480541229248
0.20396900177001953
0.20379064977169037
0.20361237227916718
0.2034343183040619
0.2032562643289566
0.20307831466197968
0.20290079712867737
0.2027234584093094
0.20254671573638916
0.20236967504024506
0.20219284296035767
0.20201559364795685
0.20184002816677094
0.20166221261024475
0.20148657262325287
0.20131070911884308
0.20113615691661835
0.20096014440059662
0.20078451931476593
0.20060937106609344
0.20043453574180603
0.20025959610939026
0.20008529722690582
0.19991105794906616
0.1997372806072235
0.1995626837015152
0.19938844442367554
0.19921398162841797
0.1990405023097992
0.19886836409568787
0.1986950784921646
0.19852274656295776
0.19834986329078674
0.19817721843719482
0.19800467789173126
0.19783297181129456
0.19766125082969666
0.19748839735984802
0.1973162442445755
0.19714529812335968
0.19697315990924835
0.1968022882938385
0.19663158059120178
0.19646169245243073
0.19629168510437012
0.19612117111682892
0.19595053791999817
0.1957807093858719
0.19561108946800232
0.19544048607349396
0.195271298289299
0.19510222971439362
0.19493243098258972
0.19476380944252014
0.19459468126296997
0.1944265067577362
0.1942584067583084
0.19409002363681793
0.1939231902360916
0.19375485181808472
0.19358712434768677
0.19341999292373657
0.19325189292430878
0.19308453798294067
0.19291777908802032
0.19275109469890594
0.1925838738679886
0.1924181878566742
0.19225172698497772
0.1920858472585678
0.1919199675321579
0.19175545871257782
0.19158950448036194
0.19142432510852814
0.19125936925411224
0.19109472632408142
0.19092996418476105
0.19076412916183472
0.19059960544109344
0.1904364675283432
0.19027169048786163
0.19010791182518005
0.1899443119764328
0.18978111445903778
0.18961788713932037
0.18945397436618805
0.1892908662557602
0.18912912905216217
0.18896670639514923
0.18880410492420197
0.1886417269706726
0.18847914040088654
0.18831701576709747
0.18815502524375916
0.18799443542957306
0.187833771109581
0.18767128884792328
0.1875096708536148
0.18734942376613617
0.187188982963562
0.18702897429466248
0.18686842918395996
0.18670693039894104
0.1865478754043579
0.18638837337493896
0.1862291693687439
0.18606986105442047
0.18590977787971497
0.18575116991996765
0.18559205532073975
0.18543361127376556
0.18527422845363617
0.18511639535427094
0.18495748937129974
0.18479864299297333
0.18464131653308868
0.18448421359062195
0.18432585895061493
0.1841692179441452
0.18401287496089935
0.18385589122772217
0.18369916081428528
0.18354256451129913
0.18338514864444733
0.1832289695739746
0.18307273089885712
0.18291620910167694
0.1827605962753296
0.18260478973388672
0.182448610663414
0.18229350447654724
0.1821388453245163
0.18198464810848236
0.18183040618896484
0.18167516589164734
0.1815214455127716
0.18136709928512573
0.18121260404586792
0.1810580939054489
0.18090444803237915
0.18075092136859894
0.18059790134429932
0.1804441213607788
0.1802910715341568
0.18013790249824524
0.1799851506948471
0.17983244359493256
0.17968039214611053
0.17952822148799896
0.17937661707401276
0.17922499775886536
0.1790732592344284
0.17892149090766907
0.1787700206041336
0.17861926555633545
0.17846816778182983
0.17831657826900482
0.17816561460494995
0.1780146360397339
0.17786440253257751
0.17771461606025696
0.17756393551826477
0.1774141937494278
0.17726470530033112
0.17711544036865234
0.17696648836135864
0.17681725323200226
0.1766684651374817
0.17651958763599396
0.1763710379600525
0.17622168362140656
0.1760733425617218
0.17592476308345795
0.1757766157388687
0.17562901973724365
0.17548128962516785
0.17533400654792786
0.17518624663352966
0.17503927648067474
0.17489320039749146
0.1747458130121231
0.1745987981557846
0.1744520515203476
0.17430570721626282
0.1741591989994049
0.17401239275932312
0.17386701703071594
0.1737210601568222
0.17357589304447174
0.17343053221702576
0.1732853800058365
0.17314036190509796
0.17299523949623108
0.1728498339653015
0.17270566523075104
0.172560453414917
0.1724162995815277
0.17227235436439514
0.17212842404842377
0.17198537290096283
0.17184151709079742
0.17169778048992157
0.17155535519123077
0.17141093313694
0.17126791179180145
0.1711254119873047
0.1709829568862915
0.17083986103534698
0.17069751024246216
0.17055542767047882
0.17041313648223877
0.17027205228805542
0.1701294481754303
0.16998837888240814
0.16984644532203674
0.16970500349998474
0.16956393420696259
0.16942371428012848
0.169282928109169
0.1691417098045349
0.1690010279417038
0.16886109113693237
0.16872063279151917
0.1685807704925537
0.16844096779823303
0.16830170154571533
0.16816231608390808
0.16802269220352173
0.16788390278816223
0.1677449494600296
0.16760510206222534
0.16746628284454346
0.1673276424407959
0.16718874871730804
0.16705094277858734
0.1669129580259323
0.16677434742450714
0.16663704812526703
0.1664993017911911
0.16636182367801666
0.16622458398342133
0.1660875678062439
0.1659504920244217
0.16581402719020844
0.16567669808864594
0.16553999483585358
0.1654031127691269
0.16526708006858826
0.16513065993785858
0.16499453783035278
0.1648588478565216
0.164724200963974
0.16458842158317566
0.16445282101631165
0.16431698203086853
0.16418258845806122
0.1640479862689972
0.16391371190547943
0.1637786328792572
0.1636437177658081
0.16350866854190826
0.1633750945329666
0.16324114799499512
0.16310741007328033
0.16297407448291779
0.16283990442752838
0.1627063900232315
0.16257362067699432
0.16243991255760193
0.16230787336826324
0.16217444837093353
0.1620413362979889
0.1619090586900711
0.16177688539028168
0.16164493560791016
0.16151294112205505
0.16138049960136414
0.16124886274337769
0.16111735999584198
0.16098593175411224
0.16085447371006012
0.16072337329387665
0.16059233248233795
0.16046158969402313
0.16033120453357697
0.16020001471042633
0.1600693315267563
0.15993943810462952
0.15980945527553558
0.1596788763999939
0.1595490276813507
0.15941958129405975
0.15929031372070312
0.15916040539741516
0.15903110802173615
0.15890203416347504
0.15877263247966766
0.158644437789917
0.15851572155952454
0.15838752686977386
0.15825943648815155
0.15813061594963074
0.1580025851726532
0.15787464380264282
0.15774661302566528
0.1576194316148758
0.15749192237854004
0.15736417472362518
0.15723656117916107
0.15710890293121338
0.15698209404945374
0.15685564279556274
0.15672925114631653
0.15660250186920166
0.15647663176059723
0.1563502997159958
0.15622377395629883
0.15609794855117798
0.15597215294837952
0.15584570169448853
0.15572087466716766
0.1555953323841095
0.1554703563451767
0.15534499287605286
0.155220165848732
0.15509574115276337
0.15497049689292908
0.1548459380865097
0.15472137928009033
0.15459689497947693
0.15447336435317993
0.1543491631746292
0.15422497689723969
0.1541021317243576
0.15397806465625763
0.15385444462299347
0.15373112261295319
0.15360820293426514
0.15348491072654724
0.153361976146698
0.15323899686336517
0.15311633050441742
0.15299451351165771
0.15287227928638458
0.15274955332279205
0.15262742340564728
0.15250593423843384
0.1523839682340622
0.15226198732852936
0.1521407812833786
0.15201954543590546
0.15189853310585022
0.1517777442932129
0.15165627002716064
0.15153495967388153
0.15141458809375763
0.15129350125789642
0.15117354691028595
0.1510532647371292
0.1509331911802292
0.15081267058849335
0.1506931632757187
0.15057353675365448
0.15045368671417236
0.15033389627933502
0.15021458268165588
0.15009541809558868
0.14997649192810059
0.14985772967338562
0.14973881840705872
0.14962029457092285
0.1495014876127243
0.14938338100910187
0.14926525950431824
0.14914706349372864
0.1490286886692047
0.14891086518764496
0.14879311621189117
0.14867551624774933
0.148557648062706
0.1484403759241104
0.14832334220409393
0.1482062190771103
0.14808893203735352
0.14797206223011017
0.14785568416118622
0.14773927628993988
0.14762283861637115
0.14750613272190094
0.14739052951335907
0.14727503061294556
0.1471586674451828
0.14704205095767975
0.14692658185958862
0.14681197702884674
0.14669638872146606
0.14658112823963165
0.14646536111831665
0.14635060727596283
0.1462354063987732
0.1461208462715149
0.14600592851638794
0.14589159190654755
0.14577747881412506
0.14566336572170258
0.14554928243160248
0.14543481171131134
0.14532123506069183
0.1452079713344574
0.14509354531764984
0.14498011767864227
0.14486724138259888
0.14475399255752563
0.14464037120342255
0.14452728629112244
0.14441516995429993
0.14430204033851624
0.14418965578079224
0.14407679438591003
0.1439645141363144
0.14385226368904114
0.14374014735221863
0.1436285823583603
0.14351661503314972
0.1434052437543869
0.14329352974891663
0.143182635307312
0.1430707573890686
0.14295941591262817
0.14284838736057281
0.14273716509342194
0.1426258385181427
0.1425156444311142
0.14240503311157227
0.1422942727804184
0.14218424260616302
0.14207401871681213
0.14196369051933289
0.14185385406017303
0.14174407720565796
0.14163455367088318
0.14152494072914124
0.14141517877578735
0.14130613207817078
0.1411968171596527
0.14108768105506897
0.14097897708415985
0.14086966216564178
0.14076119661331177
0.1406521499156952
0.14054366946220398
0.1404350847005844
0.14032655954360962
0.14021877944469452
0.14011067152023315
0.1400032490491867
0.13989509642124176
0.1397876888513565
0.1396796703338623
0.13957257568836212
0.13946565985679626
0.13935807347297668
0.13925085961818695
0.1391434669494629
0.13903746008872986
0.1389307975769043
0.13882331550121307
0.1387174427509308
0.13861100375652313
0.13850495219230652
0.13839861750602722
0.1382930725812912
0.13818679749965668
0.1380813866853714
0.13797540962696075
0.1378694474697113
0.13776364922523499
0.13765862584114075
0.13755328953266144
0.137448251247406
0.13734321296215057
0.13723818957805634
0.13713385164737701
0.13703031837940216
0.13692553341388702
0.1368217170238495
0.136716827750206
0.13661253452301025
0.13650858402252197
0.13640441000461578
0.13630039989948273
0.13619668781757355
0.13609296083450317
0.1359897404909134
0.13588592410087585
0.13578282296657562
0.1356802135705948
0.13557693362236023
0.1354741007089615
0.13537147641181946
0.13526880741119385
0.13516661524772644
0.13506361842155457
0.1349615752696991
0.13485951721668243
0.13475707173347473
0.13465552031993866
0.1345537006855011
0.13445226848125458
0.1343507617712021
0.13424822688102722
0.13414707779884338
0.13404548168182373
0.13394439220428467
0.13384340703487396
0.13374200463294983
0.13364167511463165
0.1335412859916687
0.13343986868858337
0.1333392709493637
0.13323894143104553
0.13313910365104675
0.1330389380455017
0.13293896615505219
0.13283886015415192
0.1327388882637024
0.13263903558254242
0.13253962993621826
0.13244007527828217
0.13234098255634308
0.1322421282529831
0.13214293122291565
0.13204362988471985
0.1319444179534912
0.13184556365013123
0.1317463517189026
0.13164779543876648
0.13154885172843933
0.13145014643669128
0.1313520222902298
0.13125336170196533
0.13115546107292175
0.13105732202529907
0.13096030056476593
0.13086271286010742
0.13076478242874146
0.13066740334033966
0.13056975603103638
0.13047276437282562
0.1303756982088089
0.13027788698673248
0.1301811784505844
0.13008473813533783
0.12998826801776886
0.1298913210630417
0.12979422509670258
0.12969808280467987
0.12960176169872284
0.1295049786567688
0.12940846383571625
0.12931175529956818
0.12921561300754547
0.12911947071552277
0.12902404367923737
0.12892845273017883
0.12883296608924866
0.12873762845993042
0.12864220142364502
0.12854687869548798
0.1284528374671936
0.12835711240768433
0.12826226651668549
0.128167986869812
0.12807318568229675
0.12797817587852478
0.12788385152816772
0.12778939306735992
0.12769560515880585
0.12760122120380402
0.12750695645809174
0.12741293013095856
0.12731854617595673
0.12722474336624146
0.1271311342716217
0.12703733146190643
0.12694379687309265
0.1268499195575714
0.12675663828849792
0.12666311860084534
0.12657040357589722
0.12647785246372223
0.12638476490974426
0.12629248201847076
0.12620016932487488
0.12610754370689392
0.1260145753622055
0.12592218816280365
0.1258302927017212
0.1257382482290268
0.1256459355354309
0.125553697347641
0.12546224892139435
0.12537048757076263
0.12527868151664734
0.12518742680549622
0.12509585916996002
0.12500430643558502
0.12491267174482346
0.12482147663831711
0.12473062425851822
0.12463956326246262
0.1245485469698906
0.12445752322673798
0.12436725199222565
0.12427651882171631
0.12418576329946518
0.12409531325101852
0.12400546669960022
0.12391538172960281
0.12382525950670242
0.12373532354831696
0.12364505976438522
0.12355533987283707
0.12346600741147995
0.12337606400251389
0.12328691780567169
0.12319708615541458
0.12310809642076492
0.12301921099424362
0.12292944639921188
0.12284030020236969
0.12275125831365585
0.12266264110803604
0.12257354706525803
0.12248523533344269
0.12239669263362885
0.12230782210826874
0.12221941351890564
0.12213132530450821
0.1220434382557869
0.12195499241352081
0.12186717242002487
0.1217794120311737
0.12169180065393448
0.12160361558198929
0.12151648104190826
0.12142891436815262
0.12134155631065369
0.12125399708747864
0.12116719037294388
0.12108021229505539
0.12099237740039825
0.12090562283992767
0.12081936746835709
0.12073245644569397
0.12064570933580399
0.12055885046720505
0.12047240138053894
0.12038589268922806
0.12029976397752762
0.12021313607692719
0.12012714147567749
0.12004128098487854
0.11995547264814377
0.11986944079399109
0.11978375166654587
0.11969777941703796
0.11961270868778229
0.1195278987288475
0.11944196373224258
0.11935719847679138
0.1192719116806984
0.11918643862009048
0.119101382791996
0.11901630461215973
0.1189318522810936
0.11884739995002747
0.11876241117715836
0.11867810040712357
0.11859346926212311
0.11850891262292862
0.11842449754476547
0.11834011971950531
0.11825571954250336
0.11817169189453125
0.11808829754590988
0.11800423264503479
0.11792026460170746
0.11783641576766968
0.1177532896399498
0.11766977608203888
0.11758698523044586
0.11750373244285583
0.11742076277732849
0.11733755469322205
0.11725476384162903
0.11717161536216736
0.11708854883909225
0.11700575798749924
0.11692304164171219
0.1168406754732132
0.11675804108381271
0.11667580902576447
0.11659306287765503
0.11651064455509186
0.1164286732673645
0.11634645611047745
0.11626463383436203
0.11618239432573318
0.11610089987516403
0.11601903289556503
0.1159372478723526
0.1158558577299118
0.11577408760786057
0.11569317430257797
0.11561176180839539
0.1155301108956337
0.11544933915138245
0.11536868661642075
0.11528734117746353
0.11520691215991974
0.11512664705514908
0.1150459498167038
0.11496482789516449
0.11488489806652069
0.11480440944433212
0.1147240698337555
0.11464335769414902
0.11456339806318283
0.11448308080434799
0.11440359801054001
0.1143232136964798
0.11424333602190018
0.11416340619325638
0.11408400535583496
0.11400429159402847
0.11392481625080109
0.11384539306163788
0.11376596987247467
0.11368682980537415
0.11360760033130646
0.11352857202291489
0.11344917118549347
0.11337058246135712
0.11329162120819092
0.11321303248405457
0.11313457041978836
0.1130559965968132
0.11297784000635147
0.11289998143911362
0.11282145231962204
0.11274288594722748
0.11266471445560455
0.11258675903081894
0.11250918358564377
0.11243107914924622
0.1123529002070427
0.11227521300315857
0.11219750344753265
0.11211957782506943
0.11204199492931366
0.11196424812078476
0.11188686639070511
0.11180964857339859
0.11173248291015625
0.11165541410446167
0.11157821863889694
0.1115010604262352
0.11142440140247345
0.11134753376245499
0.1112707331776619
0.11119449883699417
0.11111831665039062
0.11104173958301544
0.11096550524234772
0.11088934540748596
0.11081288009881973
0.11073724180459976
0.11066138744354248
0.11058523505926132
0.1105094701051712
0.11043374985456467
0.11035790294408798
0.11028222739696503
0.11020664870738983
0.11013121902942657
0.11005586385726929
0.10998060554265976
0.10990512371063232
0.10982947796583176
0.10975427180528641
0.1096791997551918
0.10960417985916138
0.10952915251255035
0.10945422202348709
0.10937925428152084
0.10930460691452026
0.10923018306493759
0.1091558188199997
0.1090809777379036
0.10900670289993286
0.10893294215202332
0.10885884612798691
0.10878487676382065
0.10871109366416931
0.1086372435092926
0.10856334865093231
0.10848981887102127
0.1084161177277565
0.10834242403507233
0.10826903581619263
0.10819557309150696
0.10812211781740189
0.10804890096187592
0.10797550529241562
0.10790257155895233
0.10782923549413681
0.10775605589151382
0.10768287628889084
0.10761009901762009
0.10753738135099411
0.10746452957391739
0.10739108920097351
0.1073186844587326
0.10724616050720215
0.10717341303825378
0.10710135102272034
0.10702866315841675
0.10695678740739822
0.1068844273686409
0.10681281238794327
0.10674118250608444
0.10666940361261368
0.10659754276275635
0.10652542859315872
0.10645432025194168
0.10638315975666046
0.10631156712770462
0.10624004155397415
